"Abramis_br" "Alburnoide" "Alburnus_a" "Aspius_asp" "Barbatula" "Barbus_bar" "Blicca_bjo" "Carassiu_1" "Carassiu_2" "Chondrosto" "Cobitis_el" "Cottus_gob" "Cyprinus_c" "Esox_luciu" "Eudontomyz" "Gobio_gobi" "Gymnocep_1" "Hucho_huch" "Lampetra_p" "Leucaspius" "Leuciscus" "Leuciscu_1" "Lota_lota" "Perca_fluv" "Phoxinus_p" "Proterorhi" "Rhodeus_am" "Romanogo_2" "Rutilus_pi" "Rutilus_ru" "Sabanejewi" "Salmo_trut" "Salmo_tr_1" "Sander_luc" "Scardinius" "Silurus_gl" "Squalius_c" "Telestes_s" "Thymallus" "Tinca_tinc" "Vimba_vimb" "Zingel_str" "Zingel_zin"
"8123" 0 0 0 0 0 0 0 0 0 0 0 0 0 0 0 0 0 0 0 0 0 0 0 0 0 0 0 0 0 0 0 1408.3 0 0 0 0 0 0 0 0 0 0 0
"8582" 0 0 0 0 9879 0 0 0 0 0 0 0 0 0 0 9126.7 0 0 0 0 0 0 0 0 0 0 0 0 0 0 0 204.2 0 0 0 0 1500.9 0 0 0 0 0 0
"8384" 0 0 0 0 0 0 0 0 0 0 0 928.6 0 0 0 0 0 0 0 0 0 0 0 0 0 0 0 0 0 0 0 1601.9 0 0 0 0 0 0 0 0 0 0 0
"8379" 0 0 0 0 0 0 0 0 0 0 0 2499.5 0 0 0 0 0 0 0 0 0 0 0 0 0 0 0 0 0 0 0 1476.8 0 0 0 0 0 0 0 0 0 0 0
"8473" 0 0 0 0 0 0 0 0 0 48.3 0 93.6 0 0 24.2 0 0 0 0 0 0 0 0 0 3.3 0 0 0 0 0 0 3.4 0 0 0 0 0 0 18.7 0 0 0 0
"7780" 1.3 0 0 0 74.9 2.5 0 0 0 28.7 0 29.5 0 0.6 0 3.5 0 11.7 0 0 61.5 85.3 0.8 42.3 101.7 3.5 0 0 0 76.2 0 28.3 0.8 1.2 0 0 13.3 0.8 39.9 0 0 0 0
"8045" 0 0 0 0 0 0 0 0 0 0 0 0 0 0 0 0 0 0 0 0 0 0 0 0 0 0 0 0 0 0 0 9261.7 0 0 0 0 0 0 0 0 0 0 0
"8666" 0 0 0 0 0 0 0 0 0 0 0 826.6 0 0 0 0 0 0 0 0 0 0 0 0 0 0 0 0 0 0 0 2136 0 0 0 0 0 0 0 0 0 0 0
"7982" 0 0 0 0 2101.8 0 0 0 0 0 0 0 0 0 0 180 0 0 0 0 0 0 0 0 80 0 0 0 0 0 0 0 0 0 0 0 0 0 0 0 0 0 0
"8679" 0 0 0 0 2917.2 0 0 150 200 0 0 9728.3 0 0 0 0 40 0 0 0 0 0 0 0 0 0 0 0 0 2323 0 200 0 0 400 0 120 0 0 0 0 0 0
"7962" 0 0 0 0 0 0 0 0 0 0 0 759.4 0 0 0 0 0 0 0 0 0 0 0 0 0 0 0 0 0 0 0 1839.1 0 0 0 0 0 0 0 0 0 0 0
"8650" 0 0 0 0 625 0 0 0 0 0 0 0 0 0 0 4132 0 0 0 0 0 0 0 0 12190.5 0 0 0 0 0 0 0 0 0 0 0 68157.4 0 0 0 0 0 0
"8231" 0 0 0 0 0 0 0 0 0 0 0 2201.7 0 0 0 0 0 0 0 0 0 0 0 0 0 0 0 0 0 0 0 990 0 0 0 0 0 0 0 0 0 0 0
"8232" 0 0 0 0 0 0 0 0 0 0 0 1448.6 0 0 0 0 0 0 0 0 0 0 0 0 0 0 0 0 0 0 0 2311.3 0 0 0 0 0 0 106.6 0 0 0 0
"8240" 0 0 0 0 0 0 0 0 0 0 0 3373 0 0 0 0 0 0 0 0 0 0 0 0 0 0 0 0 0 0 0 5031.1 0 0 0 0 0 0 0 0 0 0 0
"7748" 0 0 0 0 0 0 0 0 0 0 0 2629.8 0 0 0 0 0 0 0 0 0 0 0 0 0 0 0 0 0 0 0 282.2 0 0 0 0 0 0 0 0 0 0 0
"7811" 0 0 0 0 0 11.5 0 0 0 2.5 0 43.3 0 0 0 0 0 0 0 0 0 0 0 0 0 0 0 0 0 0 0 0 0 0 0 0 0 0 135.9 0 0 0 0
"8218" 0 0 0 0 0 0 0 0 0 0 0 0 0 0 0 0 0 0 0 0 0 0 0 0 0 0 0 0 0 0 0 316.8 0 0 0 0 0 0 0 0 0 0 0
"8526" 0 0 0 0 0 0 0 0 0 0 0 0 0 0 0 0 0 0 0 0 0 0 0 0 0 0 0 0 0 0 0 6585.8 0 0 0 0 0 0 0 0 0 0 0
"8479" 0 0 0 0 0 0.4 0 0 0 0.9 0 39.1 0 0 0 0.4 0 1.8 0 0 0 0 0 0 34.4 0 0 0 0 0 0 18.4 0 0 0 0 1.6 0.4 30.1 0 0 0 0
"8003" 0 0 0 0 0 0 0 0 0 0 0 406.7 0 0 5 0 0 2.1 0 0 0 0 0 1.7 0 0 0 0 0 0 0 46.4 0 0 0 0 0 0 66.1 0 0 0 0
"8442" 0 0 0 0 0 0 0 0 0 0 0 112.5 0 0 0 0 0 0 0 0 0 0 50 0 0 0 0 0 0 0 0 1993.1 0 0 0 0 0 0 0 0 0 0 0
"7923" 0 0 248.2 396 20 83.3 0 0 0 8.3 16.7 950 0 3.3 0 0 0 0 0 0 521.7 697.2 3.3 20.8 0 12.5 0 0 0 54 0 6.7 0 0 0 0 421.5 0 30.5 0 0 12.5 0
"7865" 0 0 0 0 0 0 0 0 33.3 0 0 0 0 0 0 1111.5 0 0 0 0 0 0 0 0 0 474.1 0 0 0 0 0 0 0 0 0 0 50 0 0 0 0 0 0
"8583" 0 0 0 0 13025.4 0 0 0 0 0 0 0 0 0 0 6200.7 0 0 0 0 0 166.7 0 0 0 0 0 0 0 0 0 1208.3 0 0 0 0 385.7 0 0 0 0 0 0
"8042" 0 0 0 0 0 0 0 0 0 0 0 0 0 0 0 0 0 0 0 0 0 0 0 0 0 0 0 0 0 0 0 602.1 0 0 0 0 0 0 0 0 0 0 0
"7745" 0 0 0 0 0 0 0 0 0 0 0 0 0 0 0 0 0 0 0 0 0 0 0 0 0 0 0 0 0 0 0 1383.5 0 0 0 0 0 0 0 0 0 0 0
"8022" 0 0 0 0 0 0 0 0 0 0 0 2337.7 0 0 0 0 0 0 0 0 0 0 0 0 0 0 0 0 0 0 0 1903.1 0 0 0 0 0 0 0 0 0 0 0
"7622" 0 0 0 0 0 0 0 0 0 0 0 8 0 0 0 0 0 0 0 0 0 0 0 0 0 0 0 0 0 0 0 923.3 0 0 0 0 0 0 0 0 0 0 0
"8527" 0 0 0 0 0 0 0 0 0 0 0 2.9 0 0 0 0 0 0 0 0 0 0 0 0 0.4 0 0 0 0 0 0 28.4 0 0 0 0 0 0 24.6 0 0 0 0
"8481" 0 0 0 0 0 0 0 0 0 0 0 3.2 0 0 0 0 0 0 0 0 0 0 0 0 0 0 0 0 0 0 0 18.5 0 0 0 0 0 0 64.7 0 0 0 0
"8216" 0 0 0 0 0 0 0 0 0 0 0 237.6 0 0 0 0 0 0 0 0 0 0 0 0 0 0 0 0 0 0 0 2774.9 0 0 0 0 429.9 0 57 0 0 0 0
"8669" 0 0 0 0 0 0 0 0 0 0 0 1457.3 0 0 0 0 0 0 0 0 0 0 0 0 0 0 0 0 0 0 0 1600 0 0 0 0 0 0 0 0 0 0 0
"8376" 0 0 0 0 0 0 0 0 0 0 0 93.8 0 0 0 0 0 0 0 0 0 0 0 0 0 0 0 0 0 0 0 225 0 0 0 0 0 0 0 0 0 0 0
"8665" 0 0 0 0 0 0 0 0 0 0 0 11743.1 0 0 0 0 0 0 0 0 0 0 150 0 0 0 0 0 0 0 0 3223.1 0 0 0 0 0 0 0 0 0 0 0
"8680" 0 0 0 0 0 0 0 0 0 0 0 0 0 0 0 0 0 0 0 0 0 0 0 0 0 0 0 0 0 0 0 294.1 0 0 0 0 0 0 0 0 0 0 0
"7903" 0 0 0 0 0 0 0 0 0 0 0 111.9 0 0 0 0 0 0 0 0 0 0 0 0 0 0 0 0 0 0 0 853 0 0 0 0 0 0 0 0 0 0 0
"8694" 0 0 0 0 0 0 0 0 0 0 0 0 0 0 0 0 0 0 0 0 0 0 0 0 0 0 0 0 0 0 0 348 0 0 0 0 0 0 0 0 0 0 0
"8677" 0 0 0 0 0 0 0 0 0 0 0 3271.2 0 0 0 0 0 0 0 0 0 0 0 0 0 0 0 0 0 0 0 2538.9 0 0 0 0 0 0 0 0 0 0 0
"7905" 0 0 0 0 0 0 0 0 0 0 0 0 0 0 0 0 0 0 0 0 0 0 0 0 0 0 0 0 0 0 0 659.3 0 0 0 0 0 0 0 0 0 0 0
"8380" 0 0 0 0 0 0 0 0 0 0 0 793.5 0 0 0 0 0 0 0 0 0 0 0 0 17.4 0 0 0 0 0 0 3228.7 0 0 0 0 0 0 8.7 0 0 0 0
"7866" 0 0 0 0 2327.3 0 0 0 0 0 0 0 0 0 0 40659.9 0 0 0 0 0 0 0 0 0 0 0 0 0 0 0 33.3 0 0 0 0 208.3 0 0 0 0 0 0
"7867" 0 0 0 0 3650.7 0 0 0 0 0 0 0 0 0 0 200 0 0 0 0 0 0 0 0 0 0 0 0 0 0 0 3347 0 0 0 0 0 0 0 0 0 0 0
"8026" 0 0 0 0 0 0 0 0 0 0 0 752 0 0 48 0 0 0 0 0 0 0 0 0 0 0 0 0 0 0 0 1337.6 0 0 0 0 0 0 961.1 0 0 0 0
"8063" 0 0 0 0 0 0 0 0 0 0 0 0 0 0 0 0 0 0 0 0 0 0 0 0 0 0 0 0 0 0 0 340.4 0 0 0 0 0 0 0 0 0 0 0
"8447" 0 512.1 0 0 19822 0 0 0 0 0 0 0 0 0 0 4654.1 0 0 0 0 0 502.6 0 66.7 0 0 0 0 0 0 0 0 0 0 0 0 366.7 0 0 0 0 0 0
"7961" 0 0 0 0 0 0 0 0 0 0 0 232.1 0 0 0 0 0 0 0 0 0 0 0 0 0 0 0 0 0 0 0 2680.1 0 0 0 0 0 0 28.6 0 0 0 0
"7658" 0 0 0 0 266.1 0 0 0 0 0 0 124.7 0 0 0 0 0 0 0 0 0 0 0 0 0 0 0 0 0 0 0 339.5 0 0 0 0 0 0 0 0 0 0 0
"8338" 0 0 0 0 1257.2 0 0 0 0 0 0 2201.5 0 0 0 0 0 0 0 0 0 0 0 0 197.7 0 0 0 0 0 0 636.2 0 0 0 0 0 0 24 0 0 0 0
"8670" 0 0 0 0 0 0 0 0 0 0 0 1624.3 0 0 0 0 0 0 0 0 0 0 0 0 0 0 0 0 0 0 0 4836.6 0 0 0 0 0 0 0 0 0 0 0
"8027" 0 0 0 0 0 0 0 0 0 0 0 25 0 0 0 0 0 0 0 0 0 0 0 0 0 0 0 0 0 0 0 357.4 0 0 0 0 0 0 0 0 0 0 0
"7992" 0 0 0 0 0 0 0 0 0 0 0 0 0 0 0 1979.6 0 0 0 0 0 0 0 0 0 0 0 0 0 0 0 0 0 0 0 0 0 0 0 0 0 0 0
"7993" 0 0 0 0 0 0 0 0 0 0 0 0 0 0 0 355.6 0 0 0 0 0 0 0 0 0 0 0 0 0 0 0 0 0 0 0 0 0 0 0 0 0 0 0
"8377" 0 0 0 0 0 0 0 0 0 0 0 3160.5 0 0 0 0 0 0 0 0 0 0 0 0 0 0 0 0 0 0 0 2116 0 0 0 0 0 0 0 0 0 0 0
"8293" 0 0 0 0 0 0 0 0 0 0 0 0 0 0 0 0 0 0 0 0 0 0 0 0 0 0 0 0 0 0 0 848.5 0 0 0 0 0 0 0 0 0 0 0
"8294" 0 0 0 0 0 0 0 0 0 0 0 0 0 0 0 0 0 0 0 0 0 0 0 0 0 0 0 0 0 0 0 1514.4 0 0 0 0 0 0 0 0 0 0 0
"9696" 0 0 0 0 0 0 0 0 0 0 0 1189.8 0 0 0 0 0 0 0 0 0 0 0 0 0 0 0 0 0 0 0 1475.1 0 0 0 0 19.4 0 0 0 0 0 0
"7660" 0 104.7 184.3 33 507.9 55.7 6.2 0 12.4 3828.4 0 74.3 0 0 0 869.8 0 0 0 0 119.3 3072.6 6.2 27.9 86.7 198.9 274.1 88.5 0 50.6 0 12.4 0 0 0 0 1855.7 0 0 0 6.2 0 0
"7963" 0 0 0 0 0 0 0 0 0 0 0 122.5 0 0 0 0 0 0 0 0 0 0 0 0 0 0 0 0 0 0 0 656.6 0 0 0 0 0 0 0 0 0 0 0
"7964" 0 0 0 0 0 0 0 0 0 0 0 0 0 0 0 0 0 0 0 0 0 0 0 0 0 0 0 0 0 0 0 26.7 0 0 0 0 0 0 0 0 0 0 0
"8446" 0 0 0 0 0 0 0 0 0 0 0 0 0 0 0 0 0 0 0 0 0 0 0 0 0 0 0 0 0 0 0 1455.4 0 0 0 0 0 0 0 0 0 0 0
"8146" 0 0 0 0 0 0 0 0 0 0 0 0 0 0 0 0 0 0 0 0 0 0 0 0 0 0 0 0 0 0 0 12.5 0 0 0 0 0 0 0 0 0 0 0
"8147" 0 0 0 0 0 0 0 0 0 0 0 0 0 0 0 0 0 0 0 0 0 0 0 0 0 0 0 0 0 0 0 24 0 0 0 0 0 0 0 0 0 0 0
"8430" 0 0 0 0 0 0 0 0 0 0 0 0 0 0 0 0 0 0 0 0 0 0 0 0 0 0 0 0 0 0 0 963.3 0 0 0 0 0 0 0 0 0 0 0
"7778" 0 0 0 0 802.1 0 0 0 0 0 0 0 0 0 0 0 0 0 0 0 0 0 0 0 0 0 0 0 0 0 0 2759.7 0 0 0 0 0 0 0 0 0 0 0
"8374" 0 0 0 0 0 0 0 0 0 0 0 2035.4 0 0 0 0 0 0 0 0 0 0 0 0 0 0 0 0 0 0 0 1344.8 0 0 0 0 0 0 0 0 0 0 0
"8672" 0 0 0 0 0 0 0 0 0 0 0 0 0 0 0 0 0 0 0 0 0 0 0 0 0 0 0 0 0 0 0 3696.1 0 0 0 0 0 0 0 0 0 0 0
"8040" 0 0 0 0 0 0 0 0 0 0 0 17.4 0 0 0 0 0 0 0 0 0 0 0 0 0 0 0 0 0 0 0 293.9 0 0 0 0 0 0 0 0 0 0 0
"7753" 0 0 0 0 0 0 0 0 0 0 0 0 0 0 0 0 0 0 0 0 0 0 0 0 0 0 0 0 0 0 0 875.3 0 0 0 0 0 0 0 0 0 0 0
"7869" 0 0 0 0 0 0 0 0 0 0 0 0 0 0 0 37554.5 0 0 0 0 0 0 0 0 0 0 0 0 0 0 0 0 0 0 0 0 0 0 0 0 0 0 0
"8514" 0 0 0 0 6.4 0 0 0 0 0 6.4 257 0 0 0 0 0 0 0 0 0 0 0 0 0 0 0 0 0 0 0 24 0 0 0 0 0 0 0 0 0 0 0
"8556" 0 0 0 0 0 0 0 0 0 0 0 2577.8 20 0 0 0 0 0 0 0 0 0 0 20 0 0 0 0 0 0 0 666.7 0 0 0 0 0 0 0 0 0 0 0
"8521" 0 0 0 0 0 0 0 0 0 0 0 2312.5 0 0 0 0 0 0 0 0 0 0 0 0 0 0 0 0 0 0 0 3173.6 0 0 0 0 0 0 0 0 0 0 0
"8558" 0 330.4 0 0 664.3 82.7 0 0 0 0 0 107.1 0 0 0 496 0 0 58.3 0 0 17.9 0 0 232.1 0 0 0 0 0 0 653.7 0 0 0 0 2008.4 0 142.9 0 0 0 0
"8671" 0 0 0 0 260.4 41.7 0 0 0 0 0 3499.1 0 0 0 0 0 0 0 0 0 0 0 0 52.1 0 0 0 0 0 0 368.6 8.3 0 0 0 0 0 68.1 0 0 0 0
"7981" 0 0 0 0 5044.1 0 0 0 0 0 0 0 0 0 0 264.7 0 0 0 0 0 0 0 0 0 0 0 0 0 0 0 647.1 0 0 0 0 367.6 0 0 0 0 0 0
"8241" 0 0 0 0 34 0 0 0 0 0 0 204.1 0 0 0 0 0 0 0 0 0 0 0 0 0 0 0 0 0 0 0 2965.7 0 0 0 0 0 0 0 0 0 0 0
"8525" 0 0 0 0 0 0 0 0 0 0 0 1791.7 0 0 0 0 0 0 0 0 0 0 0 0 0 0 0 0 0 0 0 4867.6 0 0 0 0 0 0 0 0 0 0 0
"8428" 0 0 0 0 0 0.4 0 0 0 0 0 19.5 0 0 0 0 0 0 0 0 0 0 0 0 0 0 0 0 0 0 0 91 0 0 0 0 0 0 32.9 0 0 0 0
"7864" 0 0 333.3 0 0 0 0 0 40 80 1666.7 0 0 0 0 3916.8 0 0 0 0 80 0 0 200 0 1138.8 0 0 0 1900 0 0 0 0 0 0 360 0 0 0 0 0 0
"7406" 29.8 0 304.3 0 8.7 0 0 164.5 0 18 0 0 7.9 36 0 190.3 15.9 0 0 0 5.8 0 0 79.6 0 292.7 4316.9 0 0 23167.5 0 0 0 6 248.9 0 194.5 0 0 20 0 0 0
"7959" 0 0 0 0 0 0 0 0 0 0 0 1821.4 0 0 0 28.6 0 0 0 0 0 0 0 0 178.6 0 0 0 0 550.5 0 345.7 0 0 0 0 0 0 0 0 0 0 0
"8341" 0 0 0 0 60582.8 0 0 0 0 0 0 0 0 0 0 28741.5 0 0 0 0 0 166.7 0 0 2583.3 0 0 0 0 0 0 4771.6 0 0 133.3 0 12160.5 0 0 0 0 0 0
"7958" 0 0 0 0 0 0 0 0 0 0 0 0 0 0 0 0 0 0 0 0 0 0 0 0 0 0 0 0 0 0 0 1843 0 0 0 0 0 0 0 0 0 0 0
"8378" 0 0 0 0 0 0 0 0 0 0 0 3088.9 0 0 0 0 0 0 0 0 0 0 0 0 0 0 0 0 0 0 0 1502.2 0 0 0 0 0 0 0 0 0 0 0
"8559" 0 0 0 0 0 0 0 0 0 0 0 0 0 0 0 0 0 0 0 0 0 0 0 0 0 0 0 0 0 0 0 16 0 0 0 0 0 0 0 0 0 0 0
"7972" 0 0 0 0 0 0 0 0 0 0 0 0 0 0 0 0 0 0 0 0 0 0 0 0 0 0 0 0 0 0 0 547.8 0 0 0 0 0 0 0 0 0 0 0
"8375" 0 291.7 0 0 714.3 0 0 0 20.8 0 41.7 640 0 0 0 2051.3 0 0 0 0 0 0 0 0 3145.8 0 0 0 0 0 0 133.3 0 0 0 0 120 0 0 0 0 0 0
"7781" 0 0 0 0 0 0 0 0 0 0 0 165.6 0 0 0 0 0 0 0 0 0 41.4 0 0 0 0 0 0 0 0 0 997.2 0 0 0 0 103.5 0 0 0 0 0 0
"7746" 0 0 0 0 0 0 0 0 0 0 0 0 0 0 0 0 0 0 0 0 0 0 0 0 0 0 0 0 0 0 0 1311.2 0 0 0 0 0 0 0 0 0 0 0
"8217" 0 0 0 0 0 0 0 0 0 0 0 43.3 0 0 0 0 0 0 0 0 0 0 0 0 0 0 0 0 0 0 0 7609.6 0 0 0 0 0 0 0 0 0 0 0
"8649" 0 0 0 0 0 0 0 0 0 0 0 9507.1 0 0 0 0 0 0 0 0 0 0 0 0 0 0 0 0 0 0 0 1290.2 0 0 0 0 0 0 0 0 0 0 0
"8372" 0 0 0 0 0 0 0 0 0 0 0 2204.2 0 0 0 0 0 0 0 0 0 0 0 0 0 0 0 0 0 0 0 1808.5 0 0 0 0 0 0 104.2 0 0 0 0
"9873" 0 0 0 0 0 0 0 0 0 0 0 12.7 0 0 0 0 0 0 0 0 0 0 0 0 0 0 0 0 0 0 0 12.7 0 0 0 0 0 0 0 0 0 0 0
"9874" 0 0 0 0 0 0 0 0 0 0 0 23.7 0 0 0 0 0 0 0 0 0 0 0 0 0 0 0 0 0 0 0 0 0 0 0 0 0 0 0 0 0 0 0
"8687" 0 360.6 0 0 294.3 38.1 0 0 0 0 0 203.2 0 0 0 56 0 0 0 0 0 62.5 0 0 1941 0 0 0 0 0 0 182 0 0 0 0 676.9 0 0 0 0 0 0
"8455" 0 0 0 0 0 0 0 0 0 0 0 865.4 0 0 0 0 0 0 0 0 0 0 0 0 0 0 0 0 0 0 0 2334.7 0 0 0 0 0 0 0 0 0 0 0
"8456" 0 0 0 0 0 0 0 0 0 0 0 5475 0 0 0 0 0 0 0 0 0 0 0 0 0 0 0 0 0 0 0 1626.1 0 0 0 0 0 0 0 0 0 0 0
"8433" 0 0 0 0 0 0 0 0 0 0 0 5004.2 0 0 0 0 0 0 0 0 0 0 0 0 0 0 0 0 0 0 0 858 0 0 0 0 0 0 0 0 0 0 0
"8434" 0 0 0 0 0 0 0 0 0 0 0 5293.4 0 0 0 0 0 0 0 0 0 0 0 0 0 0 0 0 0 0 0 2811.9 0 0 0 0 0 0 0 0 0 0 0
"7875" 0 160 0 0 14070.3 288 0 0 0 0 0 0 0 0 0 6300 0 0 0 0 0 0 0 0 2000 0 0 0 0 0 0 1515.2 0 0 0 0 3971.3 0 0 0 0 0 0
"7876" 0 266.7 0 0 18533.8 1848.1 0 0 0 25 0 0 0 0 0 6978.1 0 0 0 0 0 0 0 25 1600 0 0 0 0 0 0 756.3 0 0 0 0 11152.7 0 0 0 0 0 0
"7639" 0 0 0 0 0 0 0 0 0 0 0 0 0 0 0 0 0 0 0 0 0 0 0 0 0 0 0 0 0 0 0 353.7 0 0 0 0 0 0 0 0 0 0 0
"7758" 0 0 0 0 0 0 0 0 0 0 0 2235.8 0 0 0 0 30.3 0 0 0 0 0 0 3317 0 0 0 0 0 30.3 0 4232.4 90.9 0 0 0 1155.1 0 0 30.3 0 0 0
"7762" 0 0 0 0 0 0 0 0 0 0 0 6882.5 0 0 0 0 676.2 0 0 0 0 0 0 1385.8 0 0 0 0 0 0 0 1754.9 0 0 0 0 1482.5 0 0 0 0 0 0
"7878" 0 0 0 0 0 0 0 0 0 0 0 0 0 0 0 0 0 0 0 0 0 0 0 0 0 0 0 0 0 0 0 289.3 0 0 0 0 0 0 0 0 0 0 0
"7879" 0 0 0 0 704.2 0 0 0 0 0 0 0 0 0 0 0 0 0 0 0 0 0 0 0 0 0 0 0 0 0 0 337.5 0 0 0 0 0 0 0 0 0 0 0
"8085" 0 0 0 0 0 0 0 0 0 0 0 0 0 0 0 0 0 0 0 0 0 0 0 0 0 0 0 0 0 0 0 211.3 0 0 0 0 0 0 0 0 0 0 0
"8086" 0 0 0 0 0 0 0 0 0 0 0 0 0 0 0 0 0 0 0 0 0 0 0 0 0 0 0 0 0 0 0 150 0 0 0 0 0 0 0 0 0 0 0
"8221" 0 0 0 0 0 0 0 0 0 0 0 1363.6 0 0 0 0 0 0 0 0 0 0 0 0 0 0 0 0 0 0 0 6309 0 0 0 0 0 0 0 0 0 0 0
"7925" 11.3 1.6 686.5 7.1 0 3.3 6 0 0 3.8 0 0 0.6 0.8 0 0 0 0 0 0 27.9 0 0 54.2 0 10.1 6 0 0 79.3 0 0 0 2 4 0.8 121.4 0 0 2 6 0 3.2
"8683" 0 0 0 0 100 0 0 0 0 0 0 3266.7 0 0 0 0 0 0 83.3 0 0 0 0 0 0 0 0 0 0 0 0 2865.1 0 0 0 0 0 0 0 0 0 0 0
"8339" 0 0 0 0 0 0 0 0 0 0 0 4210.9 0 0 0 0 0 0 0 0 0 0 0 0 0 0 0 0 0 0 0 792.2 0 0 0 0 0 0 0 0 0 0 0
"8704" 0 0 0 0 0 0 0 0 0 0 0 0 0 0 0 0 0 0 0 0 0 0 0 0 0 0 0 0 0 0 0 672.2 0 0 0 0 0 0 0 0 0 0 0
"8244" 0 0 0 0 0 0 0 0 0 0 0 0 0 0 0 0 0 0 0 0 0 0 0 0 0 0 0 0 0 0 0 2317.1 0 0 0 0 0 0 0 0 0 0 0
"8451" 0 0 0 0 0 0 0 0 0 0 0 0 0 0 0 0 0 0 0 0 0 0 0 0 0 0 0 0 0 0 0 5449.1 0 0 0 0 0 0 0 0 0 0 0
"8390" 0 0 0 0 19790.5 0 0 0 0 0 0 0 0 0 0 3422.2 0 0 0 0 0 0 0 0 4495.2 0 0 0 0 0 0 519.7 0 0 0 0 15534.6 0 0 0 0 0 0
"8092" 0 0 0 0 0 0 0 0 0 0 0 643.7 0 0 0 0 0 0 0 0 0 0 0 0 0 0 0 0 0 0 0 224.1 0 0 0 0 0 0 103.4 0 0 0 0
"8690" 0 0 0 0 0 0 0 0 0 0 0 0 0 0 0 0 0 0 0 0 0 0 0 0 0 0 0 0 0 0 0 2942.3 0 0 0 0 0 0 0 0 0 0 0
"7911" 0 0 0 0 0 0 0 0 0 0 0 0 0 0 0 0 0 0 0 0 0 0 0 0 0 0 0 0 0 0 0 958.3 0 0 0 0 0 0 0 0 0 0 0
"8453" 0 208.3 0 0 1401.7 0 0 0 0 0 0 0 0 0 0 5278 0 0 0 0 0 1111.1 0 0 0 0 33.3 0 0 33.3 0 0 0 0 0 0 833.3 0 0 0 0 0 0
"7953" 0 0 0 0 9.6 0 0 0 0 0 0 322.4 0 0 0 0 0 0 0 0 0 0 0 0 0 0 0 0 0 0 0 56.1 0 0 0 0 0 0 2993.4 0 0 0 0
"8686" 0 0 0 0 0 0 0 0 0 0 0 4205 0 0 0 0 0 0 0 0 0 0 0 0 0 0 0 0 0 0 0 1845.8 0 0 0 0 0 0 0 0 0 0 0
"8689" 0 0 0 0 0 0 0 0 0 0 0 1060.7 0 0 0 0 0 0 0 0 0 0 0 0 0 0 0 0 0 0 0 1535.4 0 0 0 0 0 0 448.3 0 0 0 0
"8563" 0 0 0 0 133.3 0 0 0 0 0 0 3809.5 0 0 0 0 0 0 0 0 0 0 0 0 0 0 0 0 0 0 0 416.7 0 0 0 0 0 0 0 0 0 0 0
"8457" 0 0 0 0 0 0 0 0 0 0 0 1166.7 0 0 0 0 0 0 0 0 0 0 0 0 0 0 0 0 0 0 0 2250 0 0 0 0 0 0 0 0 0 0 0
"8382" 0 0 0 0 0 0 0 0 0 0 0 148.5 0 0 0 0 0 0 0 0 0 0 0 0 0 0 0 0 0 75.8 0 3970.9 0 0 0 0 170.5 0 0 0 0 0 0
"8383" 0 0 0 0 0 0 0 0 0 0 0 2730.2 0 0 0 0 0 0 0 0 0 0 0 0 0 0 0 0 0 0 0 1208.8 0 0 0 0 0 0 0 0 0 0 0
"8083" 0 0 0 0 0 0 0 0 0 0 0 1356.5 0 0 0 0 0 0 0 0 0 0 0 0 0 0 0 0 0 0 0 217.4 0 0 0 0 0 0 0 0 0 0 0
"8543" 0 0 0 0 0 0 0 0 0 0 0 901.3 0 0 0 0 0 0 0 0 0 0 0 0 0 0 0 0 0 0 0 500 0 0 0 0 0 0 0 0 0 0 0
"8702" 0 0 0 0 0 0 0 0 0 0 0 6375.6 0 0 0 0 0 0 25 0 0 0 0 0 0 0 0 0 0 0 0 1878.3 0 0 0 0 0 0 0 0 0 0 0
"7924" 0 0 0 0 48.1 0 0 0 0 0 72.1 1754.8 0 6.4 0 0 0 0 0 0 0 0 0 0 0 0 0 0 0 0 0 62.8 0 0 0 0 53.4 0 12.8 0 0 0 0
"7663" 0 289.3 0 0 303 0 0 0 0 0 0 4421.5 0 0 0 0 0 0 0 0 0 0 0 0 1666.7 0 0 0 0 0 0 268.8 0 0 0 0 218.7 0 0 0 0 0 0
"8471" 0 0 0 0 0 0 0 0 0 0 4670.3 0 0 0 0 2844.4 0 0 0 0 33.3 0 0 100 0 125 66.7 0 0 0 0 0 0 0 0 0 5761.9 0 0 33.3 0 0 0
"8695" 0 5217.8 0 0 1532.2 554 0 0 0 0 0 1961.4 0 0 0 219.5 0 0 0 0 0 381.2 0 314.6 0 0 0 0 0 0 0 59.5 0 19 0 0 668 0 0 0 0 0 0
"8693" 0 6156.3 0 0 20463.6 0 0 0 0 0 0 3545.7 0 0 0 289.3 0 0 0 0 0 457.1 0 0 20006.6 0 0 0 0 0 0 50 0 0 0 0 1314.9 0 0 0 0 0 0
"8508" 0 0 0 0 0 0 0 0 0 0 0 806.5 0 0 0 0 0 0 0 0 0 0 0 0 0 0 0 0 0 0 0 405 0 0 0 0 0 0 91.8 0 0 0 0
"8507" 0 0 0 0 0 0 0 0 0 0 0 878.5 0 0 0 0 0 0 0 0 0 0 0 0 0 0 0 0 0 0 0 465.8 0 0 0 0 0 0 29.8 0 0 0 0
"7907" 0 0 0 0 0 0 0 0 0 0 0 191.4 0 0 0 0 0 0 0 0 0 0 0 0 0 0 0 0 0 0 0 360 0 0 0 0 0 0 0 0 0 0 0
"8540" 0 0 0 0 0 0 0 0 0 0 0 1751 0 0 0 0 0 0 0 0 0 0 0 0 0 0 0 0 0 0 0 1669.6 0 0 0 0 0 0 0 0 0 0 0
"8656" 0 0 0 0 501.4 0 0 0 0 0 0 848.1 0 0 0 0 0 0 1024 0 0 0 0 0 0 0 0 0 0 0 0 1657.7 0 0 0 0 25 0 0 0 0 0 0
"8099" 0 0 0 0 0 0 0 0 0 0 0 0 0 0 0 0 0 0 0 0 0 0 0 0 0 0 0 0 0 0 0 811.1 0 0 0 0 0 0 0 0 0 0 0
"8254" 0 0 0 0 0 0 0 0 0 0 0 2666.7 0 0 0 0 0 0 0 0 0 0 0 0 0 0 0 0 0 0 0 3717.4 0 0 0 0 0 0 0 0 0 0 0
"7776" 0 0 0 0 0 0 0 0 0 0 0 269.4 0 0 0 0 0 0 0 0 0 0 0 0 0 0 0 0 0 0 0 225.3 4.4 0 0 0 0 0 6.6 0 0 0 0
"7936" 0 0 0 0 694 0 0 0 0 0 0 484 3.3 0 0 0 0 0 0 0 0 0 0 0 393.7 0 0 0 0 0 0 105.3 0.9 0 0 0 7.1 0 2000.7 0 0 0 0
"7965" 0 0 0 0 0 0 0 0 0 0 0 0 0 0 0 0 0 0 0 0 0 0 0 0 0 0 0 0 0 0 0 2306.2 0 0 0 0 0 0 0 0 0 0 0
"7858" 0 4798.5 10.2 0 617.3 1724.2 0 0 0 1200.1 30.6 51 0 0 0 562.4 0 0 0 0 0 618.6 46.6 45.9 0 0 95.7 31.9 0 5.1 5.1 5.1 0 0 0 0 1764.2 0 0 0 0 15.3 0
"8565" 0 0 0 0 0 0 0 0 0 0 0 0 0 0 0 0 0 0 0 0 0 0 0 0 0 0 0 0 0 0 0 3025 0 0 0 0 0 0 0 0 0 0 0
"8700" 0 0 0 0 0 0 0 0 0 0 0 486 0 0 0 0 0 0 0 0 0 0 0 0 0 0 0 0 0 0 0 635.3 0 0 0 0 0 0 0 0 0 0 0
"8222" 0 0 1111.1 0 450 0 0 0 0 0 0 0 0 0 0 1617.3 0 0 0 0 0 0 0 62.5 0 0 0 0 0 0 0 0 0 0 0 0 2767 0 0 0 0 0 0
"8684" 0 0 0 0 0 0 0 0 0 0 0 0 0 0 0 0 0 0 0 0 0 0 0 0 0 0 0 0 0 0 0 2629.8 0 0 0 0 0 0 0 0 0 0 0
"8317" 0 0 0 0 0 0 0 0 0 0 0 0 0 0 0 0 0 0 0 0 0 0 0 0 0 0 0 0 0 0 0 490 0 0 0 0 0 0 0 0 0 0 0
"8056" 0 0 0 0 0 0 0 0 0 0 0 0 0 0 0 0 0 0 0 0 0 0 0 0 0 0 0 0 0 0 0 222.2 0 0 0 0 0 0 0 0 0 0 0
"8057" 0 0 0 0 0 0 0 0 0 0 0 0 0 0 0 0 0 0 0 0 0 0 0 0 0 0 0 0 0 0 0 668.5 0 0 0 0 0 0 0 0 0 0 0
"8564" 0 0 0 0 0 0 0 0 0 0 0 1406.3 0 0 0 0 0 0 0 0 0 0 0 0 0 0 0 0 0 0 0 3673.5 0 0 0 0 0 0 0 0 0 0 0
"8391" 0 0 0 0 233.5 0 0 0 0 0 0 0 0 0 0 1994.6 0 0 0 0 0 0 0 0 1428.1 0 0 0 0 0 0 791.9 0 0 0 0 1315.3 0 0 0 0 0 0
"8435" 0 0 0 0 3777.8 20.2 0 0 0 12.6 0 858.6 0 0 0 0 0 0 0 0 0 0 0 0 1414.4 0 0 0 0 0 0 853.5 0 0 0 0 6950 0 0 0 0 0 0
"8436" 0 260 20 0 10825 393.8 0 0 0 0 60 875 0 0 0 1955.7 0 0 0 0 0 80 0 0 3967.5 0 60 0 0 0 0 120 0 0 0 0 3076.9 0 0 0 0 0 0
"8255" 0 0 0 0 0 0 0 0 0 432.9 0 1034.1 0 0 0 0 0 0 0 0 0 729.5 0 366.2 0 0 0 0 0 0 0 1465.2 0 0 25 0 277.8 0 0 0 0 0 0
"8655" 0 804.8 0 0 62.5 0 0 0 0 0 0 2382.4 0 0 0 0 0 0 0 0 0 0 0 0 10.4 0 0 0 0 0 0 148.5 0 0 0 0 1354.7 995.9 1000.1 0 0 0 0
"8224" 0 0 31.7 0 3907.2 0 0 63.5 0 0 0 0 0 0 0 2890.3 0 0 0 0 0 0 0 0 95.2 0 0 0 0 31.7 0 0 0 254 0 0 4960.3 0 0 0 0 0 0
"8574" 0 60 0 0 5327 140 0 0 0 175 0 2988.4 0 0 0 587.8 0 0 0 0 0 462.9 0 0 4512.5 0 0 0 0 0 0 90 0 0 0 0 2096.1 0 0 0 0 0 0
"8387" 0 0 0 0 0 0 0 0 0 0 0 550 0 0 0 0 0 0 0 0 0 0 0 0 1416 0 0 0 0 0 0 1313.5 0 0 0 0 0 0 0 0 0 0 0
"8691" 0 0 0 0 253.1 0 0 0 0 0 0 1492.6 0 0 0 0 0 0 0 0 0 0 0 0 306.3 0 0 0 0 0 0 1603.9 0 0 0 0 0 0 0 0 0 0 0
"8388" 0 0 0 0 0 0 0 0 0 0 0 2112 0 0 0 0 0 0 0 0 0 0 0 0 0 0 0 0 0 0 0 128.6 0 0 0 0 0 0 0 0 0 0 0
"8245" 0 0 0 0 0 0 0 0 0 0 0 643.1 0 0 0 0 0 0 0 0 0 0 0 0 0 0 0 0 0 0 0 1350.7 0 0 0 0 0 0 9.3 0 0 0 0
"8431" 0 0 0 0 0 0 0 0 0 0 0 1675 0 0 0 0 0 0 0 0 0 0 0 0 0 0 0 0 0 0 0 3611.4 0 0 0 0 0 0 0 0 0 0 0
"8572" 0 0 0 0 0 0 0 0 0 0 0 4600 0 0 0 0 0 0 0 0 0 0 0 0 0 0 0 0 0 0 0 1126.7 0 0 0 0 0 0 75 0 0 0 0
"8389" 0 5.7 1066.7 0 1988.8 507.1 0 0 0 1060.9 0 0 0 0 0 2643.7 0 0 0 0 0 11.4 0 0 506.1 0 0 0 0 11.4 0 162.2 0 0 0 0 7149.1 0 0 0 0 0 0
"8394" 0 54.5 15.2 0 3000 106.1 0 0 0 101 0 0 0 0 0 1532.6 0 0 0 0 0 0 0 0 1075.8 924.2 0 0 0 0 0 64.6 0 0 0 0 4669 0 0 0 0 0 0
"7910" 0 0 0 0 0 0 0 0 0 0 0 0 0 0 0 0 0 0 0 0 0 0 0 0 0 0 0 0 0 0 0 786.7 0 0 0 0 0 0 0 0 0 0 0
"7783" 0 0 1045.3 0 0 281.7 0 0 0 0 66.7 0 0 0 0 4437.6 0 0 0 0 0 0 0 0 0 0 163.3 0 0 537.8 0 33.3 0 0 0 0 1979.2 0 0 0 0 0 0
"7871" 0 81.8 0 0 8068.2 458 0 0 0 0 0 0 0 0 0 14161.7 0 0 0 0 0 113.6 0 0 290.9 0 0 0 0 0 0 516.5 0 0 0 0 13127.3 0 0 0 0 0 0
"8397" 0 0 0 0 2072 0 0 0 0 0 0 0 0 0 0 0 0 0 0 0 0 0 0 0 5641.2 0 0 0 0 0 0 417.3 0 0 0 0 0 0 0 0 0 0 0
"7661" 0 0 0 0 34.8 0 0 0 0 0 0 1826.1 0 0 0 0 0 0 0 0 0 0 0 0 643.9 0 0 0 0 0 0 384.5 0 0 0 0 40.6 0 0 0 0 0 0
"8542" 0 0 0 0 0 0 0 0 0 0 0 2151.1 0 0 0 0 0 0 0 0 0 0 0 0 0 0 0 0 0 0 0 3526.7 0 0 0 0 0 0 0 0 0 0 0
"8533" 0 0 0 0 0 0 0 0 0 0 0 2684.3 0 0 0 0 0 0 0 0 0 0 0 0 0 0 0 0 0 0 0 5757.5 0 0 0 0 0 0 0 0 0 0 0
"8510" 0 0 0 0 0 0 0 0 0 0 0 1346.4 0 0 0 0 0 0 0 0 0 0 0 0 0 0 0 0 0 0 0 338.2 0 0 0 0 0 0 54.7 0 0 0 0
"7872" 0 0 0 0 3298.8 0 0 0 0 0 0 0 0 0 0 3100 0 0 0 0 0 0 0 0 1194.4 0 0 0 0 0 0 640 0 0 0 0 1959.3 0 0 0 0 0 0
"7985" 0 0 0 0 1281.3 0 0 0 0 0 0 1031.3 0 0 0 432.7 0 0 0 0 0 0 0 0 405 0 0 0 0 350 0 100 0 0 0 0 1600 0 0 0 0 0 0
"8701" 0 0 0 0 0 0 0 0 0 0 0 389.2 0 0 0 0 0 0 0 0 0 0 0 0 0 0 0 0 0 0 0 375 0 0 0 0 0 0 0 0 0 0 0
"7877" 0 0 0 0 0 0 0 0 0 0 0 0 0 0 0 0 0 0 0 0 0 0 0 179 0 0 0 0 0 74.6 0 0 0 0 0 0 0 0 0 0 0 0 0
"8449" 0 0 0 0 0 0 0 0 0 0 0 1872.5 0 0 0 0 0 0 0 0 0 0 0 0 0 0 0 0 0 0 0 264.6 0 0 0 0 0 0 0 0 0 0 0
"8575" 0 0 0 0 403.3 0 0 0 0 0 0 3307.6 0 0 0 0 0 0 0 0 0 0 0 0 1050 0 0 0 0 0 0 1204.7 0 0 0 0 125 0 0 0 0 0 0
"7908" 0 0 0 0 0 0 0 0 0 0 0 0 0 0 0 0 0 0 0 0 0 0 0 0 0 0 0 0 0 0 0 1648.1 0 0 0 0 0 0 0 0 0 0 0
"7909" 0 0 0 0 0 0 0 0 0 0 0 0 0 0 0 0 0 0 0 0 0 0 0 0 0 0 0 0 0 0 0 1190.6 0 0 0 0 0 0 0 0 0 0 0
"7803" 0 0 0 0 0 0 0 0 0 0 0 2083.3 0 0 0 0 0 0 0 0 0 0 0 0 0 0 0 0 0 0 0 1287.2 0 0 0 0 0 0 0 0 0 0 0
"7884" 0 0 0 0 0 0 0 0 0 0 0 0 0 0 0 1081.6 0 0 0 0 0 0 0 0 0 0 0 0 0 0 0 0 0 0 0 0 120 0 0 0 0 0 0
"8381" 0 0 0 0 0 0 0 0 0 0 0 5425 0 0 0 0 0 0 0 0 0 0 0 0 0 0 0 0 0 0 0 2638 0 0 0 0 0 0 0 0 0 0 0
"7881" 0 0 0 0 0 0 0 0 0 0 0 0 0 0 0 613.6 0 0 0 0 0 0 0 0 0 0 0 0 0 0 0 0 0 0 0 0 0 0 0 0 0 0 0
"8696" 0 0 0 0 3835 0 0 0 0 0 0 743.1 0 0 0 0 0 0 0 0 0 0 0 0 1214.3 0 0 0 0 0 0 1234.3 0 0 0 0 416.7 0 293 0 0 0 0
"8220" 0 0 0 0 0 0 0 0 0 0 0 0 0 0 0 0 0 0 0 0 0 0 0 0 0 0 0 0 0 0 0 605.5 0 0 0 0 0 0 0 0 0 0 0
"8685" 0 0 0 0 0 0 0 0 0 0 0 0 0 0 0 0 0 0 0 0 0 0 0 0 0 0 0 0 0 0 0 588 0 0 0 0 0 0 0 0 0 0 0
"8464" 0 0 0 0 0 0 0 0 0 0 0 0 0 0 0 0 0 0 0 0 0 0 0 0 0 0 0 0 0 0 0 1401.7 0 0 0 0 0 0 0 0 0 0 0
"8465" 0 0 0 0 0 0 0 0 0 0 0 0 0 0 0 0 0 0 0 0 0 0 0 0 0 0 0 0 0 0 0 4984.6 0 0 0 0 0 0 0 0 0 0 0
"7859" 0 0 0 0 20 220 0 0 20 0 3259.2 0 0 0 0 8945 0 0 0 0 0 0 20 0 0 0 3068.9 0 0 0 0 0 0 0 0 0 2331.6 0 0 0 0 0 0
"7926" 33.6 7 864.7 315.3 9.7 264.3 0 0 0 24.6 5.3 0 2.3 0 0 0 0 0 0 0 145.1 328.1 0 30 0 15.4 0 0 52.3 39.3 0 0 0 8.1 0 20.8 231.2 0 0 0 0 43.4 8.6
"8524" 0 0 0 0 0 0 0 0 0 0 0 0 0 0 0 0 0 0 0 0 0 0 0 0 0 0 0 0 0 0 0 1493.3 0 0 0 0 0 0 0 0 0 0 0
"8462" 0 0 0 0 900 0 0 0 0 0 0 0 0 0 0 2342.4 0 0 0 600 0 0 0 0 1671.3 0 0 0 0 0 0 0 0 0 0 0 0 0 0 0 0 0 0
"8716" 0 0 0 0 0 0 0 0 0 0 0 432 0 0 0 0 0 0 0 0 0 0 0 0 0 0 0 0 0 0 0 520 0 0 0 0 0 0 0 0 0 0 0
"8133" 0 0 0 0 0 0 0 0 0 0 0 19.8 0 0 0 0 0 0 0 0 0 0 0 0 0 0 0 0 0 0 0 337.1 0 0 0 0 0 0 0 0 0 0 0
"8134" 0 0 0 0 0 0 0 0 0 0 0 0 0 0 0 0 0 0 0 0 0 0 0 0 0 0 0 0 0 0 0 681.8 0 0 0 0 0 0 0 0 0 0 0
"8234" 0 0 0 0 0 0 0 0 0 0 0 2114 0 0 0 0 0 0 0 0 0 117.6 0 0 0 0 0 0 0 0 0 1466.7 0 0 0 0 132.4 0 73.5 0 0 0 0
"7744" 0 3635.1 15 0 3059.8 2459.3 0 0 0 698 0 158.2 0 0.3 0 258.7 0 0 0 0 0 1815.3 0 0 1510.1 0 0 0 0 0 0 23.9 0 0 0 0 4639.6 0 31.7 0 0 0 0
"8706" 0 0 0 0 0 0 0 0 0 0 0 33457.3 0 0 0 0 0 0 0 0 0 0 0 0 980 0 0 0 0 0 0 400 0 0 0 0 1012.5 0 0 0 0 0 0
"8869" 0 0 0 0 0 0 0 0 0 0 0 5744.7 0 0 0 0 0 0 0 0 0 0 0 0 0 0 0 0 0 0 0 3016.6 0 0 0 0 0 0 0 0 0 0 0
"7889" 0 0 0 0 0 0 0 0 0 0 55.6 0 0 0 0 296.3 0 0 0 0 0 0 0 0 0 0 0 0 0 0 0 55.6 0 0 0 0 0 0 0 0 0 0 0
"7810" 0 0 0 0 0 0 0 0 0 0 0 66.4 0 0 0 0 0 0 0 0 0 0 0 0 0 0 0 0 0 0 0 4.7 0 0 0 0 0 0 4.7 0 0 0 0
"8586" 0 0 0 0 4132 0 0 0 0 0 0 3021.5 0 0 0 0 0 0 0 0 0 0 0 0 0 0 0 0 0 0 0 648.5 0 0 0 0 0 0 0 0 0 0 0
"8238" 0 0 0 0 0 0 0 0 0 0 0 0 0 0 0 0 0 0 0 0 0 0 0 0 0 0 0 0 0 0 0 1796.7 0 0 0 0 0 0 0 0 0 0 0
"8237" 0 0 0 0 269.1 0 0 0 0 0 0 3857.7 0 0 0 0 0 0 0 0 0 0 0 0 0 0 0 0 0 0 0 6109 0 0 0 0 0 0 0 0 0 0 0
"8720" 0 0 0 0 0 0 0 0 0 0 0 3446.5 0 0 0 0 0 0 0 0 0 0 0 0 0 0 0 0 0 0 0 622.4 0 0 0 0 12.5 0 0 0 0 0 0
"8719" 0 0 0 0 0 0 0 0 0 0 0 83.3 0 0 0 0 0 0 0 0 0 0 0 0 0 0 0 0 0 0 0 2602.9 0 0 0 0 0 0 0 0 0 0 0
"8712" 0 0 0 0 0 0 0 0 0 0 0 1187.5 0 0 0 0 0 0 0 0 0 0 0 0 2450 0 0 0 0 0 0 7530.7 0 0 0 0 50 0 0 0 0 0 0
"8235" 0 0 0 0 0 0 0 0 0 0 0 279.6 0 0 0 0 0 0 0 0 0 0 0 0 0 0 0 0 0 0 0 2275.3 0 0 0 0 0 0 0 0 0 0 0
"8495" 0 0 0 0 0 0 0 0 0 0 0 0 0 0 0 0 0 0 0 0 0 0 0 0 0 0 0 0 0 0 0 1600.4 0 0 0 0 0 0 0 0 0 0 0
"8236" 0 0 0 0 0 0 0 0 0 0 0 0 0 0 0 0 0 0 0 0 0 0 0 0 0 0 0 0 0 0 0 1006 0 0 0 0 0 0 0 0 0 0 0
"8705" 0 0 0 0 0 0 0 0 0 0 0 15429.9 0 0 0 0 0 0 0 0 0 0 0 0 375 0 0 0 0 0 0 1507.7 0 0 0 0 300 0 0 0 0 0 0
"7807" 0 0 0 0 6.8 0 0 0 0 0 0 4.4 0 0 0 0 0 0.4 0 0 0 0 0 0 2.9 0 0 0 0 0 0 8.3 0 0 0 0 0 0 51.8 0 0 0 0
"7927" 4.8 0 0.5 1 41.4 12.4 0 0 0 36.4 0 0 6.2 3.3 0 0 0 0.1 0 0 0 3.3 0 0.7 35.5 100.5 0 0 0 4.3 0 0 0 0 0 1 196.9 0 0.1 0 0 0.8 0
"9698" 0 0 0 0 0 0 0 0 0 0 0 0 0 0 0 0 0 0 0 0 0 0 0 0 0 0 0 0 0 0 0 1676.2 0 0 0 0 0 0 23.2 0 0 0 0
"7765" 0 0 0 0 0 0 0 0 0 0 0 0 0 0 0 0 0 0 0 0 0 0 0 0 0 0 0 0 0 0 0 1241 0 0 0 0 0 0 200 0 0 0 0
"7888" 0 0 0 0 0 0 0 0 676 0 24000 0 0 0 0 2276.1 0 0 0 0 0 0 0 0 0 0 0 0 0 0 0 0 0 0 0 0 0 0 0 0 0 0 0
"7915" 0 0 0 0 0 0 0 0 0 0 0 0 0 0 0 0 0 0 0 0 0 0 0 0 0 0 0 0 0 0 0 94 0 0 0 0 0 0 0 0 0 0 0
"7916" 0 0 0 0 0 0 0 0 0 0 0 0 0 0 0 0 0 0 0 0 0 0 0 0 0 0 0 0 0 0 0 339.7 0 0 0 0 0 0 0 0 0 0 0
"8135" 0 0 0 0 0 0 0 0 0 0 0 0 0 0 0 0 0 0 0 0 0 0 0 0 0 0 0 0 0 0 0 37.5 0 0 0 0 0 0 0 0 0 0 0
"8136" 0 0 0 0 0 0 0 0 0 0 0 0 0 0 0 0 0 0 0 0 0 0 0 0 0 0 0 0 0 0 0 106.7 0 0 0 0 0 0 0 0 0 0 0
"8323" 0 0 0 0 0 0 0 0 0 0 0 0 0 0 0 0 0 0 0 0 0 0 0 0 0 0 0 0 0 0 0 184.1 0 0 0 0 0 0 0 0 0 0 0
"8124" 0 0 0 0 0 0 0 0 0 0 0 0 0 0 0 0 0 0 0 0 0 0 0 0 0 0 0 0 0 0 0 972 0 0 0 0 0 0 0 0 0 0 0
"8463" 0 0 0 0 0 0 0 0 0 0 0 750 0 0 0 0 0 0 0 0 0 0 0 0 0 0 0 0 0 0 0 801 0 0 0 0 0 0 0 0 0 0 0
"8242" 0 0 0 0 0 0 0 0 0 0 0 20.6 0 0 0 0 0 0 0 0 0 0 0 0 0 0 0 0 0 0 0 589.5 0 0 0 0 0 0 28.8 0 0 0 0
"8243" 0 0 0 0 0 0 0 0 0 0 0 0 0 0 0 0 0 0 0 0 0 0 0 0 0 0 0 0 0 0 0 405.9 0 0 0 0 0 0 0 0 0 0 0
"8225" 0 0 0 0 0 0 0 0 0 0 0 56.8 0 0 0 0 0 0 0 0 0 0 0 0 0 0 0 0 0 0 0 469.2 0 0 0 0 0 0 0 0 0 0 0
"7885" 0 0 0 0 0 0 0 0 0 0 208.3 0 0 0 0 1041.7 0 0 0 0 0 0 0 0 0 0 0 0 0 0 0 0 0 0 0 0 0 0 0 0 0 0 0
"7766" 0 0 0 0 0 0 0 0 0 0 0 4026.6 0 0 0 0 0 0 0 0 0 0 0 0 0 0 0 0 0 0 0 317.2 0 0 0 0 0 0 0 0 0 0 0
"8584" 0 0 0 0 5546.7 0 0 0 0 0 0 0 0 0 0 2500 0 0 0 0 0 0 0 0 0 0 0 0 0 100 0 0 0 0 20 0 0 0 0 0 0 0 0
"8340" 5.3 203 0 0 1525.1 695.6 0 0 0 10.3 0 1745.9 0 0 0 8.3 0 0 0 0 0 0 0 0 7278.2 19.8 0 0 0 0 0 6.6 1.4 0 0 0 3979.9 0 12 0 0 0 0
"7806" 0 0 0 0 0 0 0 0 0 0 0 0 0 0 0 0 0 0 0 0 0 0 0 0 0 0 0 0 0 0 0 100 0 0 0 0 0 0 0 0 0 0 0
"8717" 0 0 0 0 541.7 0 0 0 0 0 0 9625 0 0 0 100 0 0 0 0 0 100 0 0 0 0 0 0 0 0 0 2010.3 0 0 0 0 0 0 0 0 0 0 0
"8722" 0 0 0 0 0 0 0 0 0 0 0 1656.8 0 0 0 0 0 0 0 0 0 0 0 0 0 0 0 0 0 0 0 1144 0 0 0 0 0 0 0 0 0 0 0
"8506" 0 0 0 0 0 0 0 0 0 0 0 5111.2 0 0 0 0 0 0 0 0 0 0 0 0 0 0 0 0 0 0 0 1260 0 0 0 0 0 0 0 0 0 0 0
"8709" 0 0 0 0 0 0 0 0 0 0 0 18138.9 0 0 0 0 0 0 0 0 0 0 0 0 0 0 0 0 0 0 0 700 0 0 0 0 0 0 0 0 0 0 0
"7987" 0 0 0 0 320 0 0 0 0 0 0 0 0 0 0 0 0 0 0 0 0 0 0 0 0 0 0 0 0 0 0 20 0 0 0 0 20 0 0 0 0 0 0
"7764" 0 0 0 0 284.2 42.3 0 0 0 0 0 319.8 0 0 0 0 0 0 0 0 0 0 0 21.1 0 0 0 0 0 0 0 2255.1 0 0 0 0 3398.4 0 0 0 0 0 0
"8150" 0 0 0 0 0 0 0 0 0 0 0 0 0 0 0 0 0 0 0 0 0 0 0 0 0 0 0 0 0 0 0 3453.2 0 0 0 0 0 0 0 0 0 0 0
"8228" 0 0 0 0 0 0 0 0 0 0 0 0 0 0 0 0 0 0 0 0 0 0 0 0 0 0 0 0 0 0 0 371.5 0 0 0 0 0 0 0 0 0 0 0
"8229" 0 0 0 0 0 0 0 0 0 0 0 0 0 0 0 0 0 0 0 0 0 0 0 0 0 0 0 0 0 0 0 26.8 0 0 0 0 0 0 0 0 0 0 0
"8523" 0 0 0 0 0 0 0 0 0 0 0 0 0 0 0 0 0 0 0 0 0 0 0 0 0 0 0 0 0 0 0 303.8 0 0 0 0 0 0 0 0 0 0 0
"7970" 0 0 0 0 0 0 0 0 0 0 0 6.9 0 0 0 0 0 0 0 0 0 0 0 0 0 0 0 0 0 0 0 1429.2 0 0 0 0 0 0 0 0 0 0 0
"7969" 0 0 0 0 0 0 0 0 0 0 0 0 0 0 0 0 0 0 0 0 0 0 0 0 0 0 0 0 0 0 0 208.8 0 0 0 0 0 0 0 0 0 0 0
"8721" 0 0 0 0 0 0 0 0 0 0 0 0 0 0 0 0 0 0 0 0 0 0 0 0 125 0 0 0 0 0 0 5632.8 0 0 0 0 0 0 0 0 0 0 0
"7805" 0 0 0 0 0 0 0 0 0 0 0 242.6 0 0 0 0 0 0 0 0 0 0 0 0 0 0 0 0 0 0 0 591.6 0 0 0 0 0 0 0 0 0 0 0
"7784" 0 0 0 0 0 0 0 0 0 0 0 0 0 0 0 2823.3 0 0 0 0 0 0 0 0 0 0 0 0 0 0 0 0 0 0 0 0 0 0 0 0 0 0 0
"8707" 0 0 0 0 0 0 0 0 0 0 0 0 0 0 0 0 0 0 0 0 0 0 0 0 0 0 0 0 0 0 0 372.1 0 0 0 0 0 0 0 0 0 0 0
"8585" 0 0 0 0 20000 0 0 0 0 0 0 0 50 0 0 37024.8 0 0 0 0 0 0 0 0 50 0 0 0 0 0 0 0 0 0 0 0 100 0 0 0 0 0 0
"7971" 0 0 0 0 0 0 0 0 0 0 0 52.1 0 0 0 0 0 0 0 0 0 0 0 0 0 0 0 0 0 0 0 285.7 0 0 0 0 0 0 0 0 0 0 0
"8149" 0 0 0 0 0 0 0 0 0 0 0 0 0 0 0 0 0 0 0 0 0 0 0 0 0 0 0 0 0 0 0 2207.3 0 0 0 0 0 0 0 0 0 0 0
"8714" 0 0 0 0 0 0 0 0 0 0 0 0 0 0 0 0 0 0 0 0 0 0 0 0 0 0 0 0 0 0 0 2133.3 0 0 0 0 0 0 0 0 0 0 0
"7989" 0 480.9 0 0 4833.3 0 0 0 0 0 850 150 0 0 0 700 0 0 0 0 0 75 0 0 782.3 0 0 0 0 0 0 20 0 0 0 0 623 0 0 0 0 0 0
"7991" 0 0 0 0 2928.6 0 0 0 0 0 107.1 0 0 0 0 238.1 0 0 0 0 0 0 0 0 0 0 0 0 0 0 0 0 0 0 0 0 476.2 0 0 0 0 0 0
"8713" 0 0 0 0 0 0 0 0 0 0 0 0 0 0 0 0 0 0 0 0 0 0 0 0 0 0 0 0 0 0 0 6063.2 0 0 0 0 0 0 0 0 0 0 0
"8079" 0 0 0 0 0 0 0 0 0 0 0 0 0 0 0 0 0 0 0 0 0 0 0 0 0 0 0 0 0 0 0 1755.6 0 0 0 0 0 0 0 0 0 0 0
"8571" 0 0 0 0 200 0 0 0 0 0 0 100 0 0 0 0 0 0 0 0 0 0 0 100 125 0 0 0 0 100 0 2005.6 0 0 0 0 0 0 0 0 0 0 0
"8291" 0 0 0 0 0 0 0 0 0 0 0 0 0 0 0 0 0 0 0 0 0 0 0 0 0 0 0 0 0 0 0 432 0 0 0 0 0 0 0 0 0 0 0
"9697" 0 0 0 0 0 0 0 0 0 0 0 7.1 0 0 0 0 0 0 0 0 0 0 0 0 0 0 0 0 0 0 0 648.3 0 0 0 0 0 0 5.7 0 0 0 0
"7743" 0 0 0 0 0 0 0 0 0 0 0 1273.1 0 0 0 0 0 0 0 0 0 0 0 0 0 0 0 0 0 0 0 3889 0 0 0 0 0 0 0 0 0 0 0
"7968" 0 0 0 0 0 0 0 0 0 0 0 0 0 0 0 0 0 0 0 0 0 0 0 0 0 0 0 0 0 0 0 1645.6 0 0 0 0 0 0 0 0 0 0 0
"8112" 0 0 0 0 0 0 0 0 0 0 0 0 0 0 0 0 0 0 0 0 0 0 0 0 0 0 0 0 0 0 0 2495.1 0 0 0 0 0 0 0 0 0 0 0
"8461" 0 0 0 0 0 0 0 0 0 0 0 1350 0 0 0 0 0 0 0 0 0 0 0 0 0 0 0 0 0 0 0 424.7 0 0 0 0 0 0 0 0 0 0 0
"7809" 0 0 0 0 0 0 0 0 0 0 0 0 0 0 0 0 0 0 0 0 0 0 0 0 0 0 0 0 0 0 0 39.4 0 0 0 0 0 0 4.6 0 0 0 0
"8239" 0 0 0 0 0 0 0 0 0 0 0 106.5 0 0 0 0 0 0 0 0 0 0 0 0 0 0 0 0 0 0 0 142 0 0 0 0 0 0 0 0 0 0 0
"8570" 0 0 0 0 0 0 0 0 0 0 0 2982.3 0 0 0 0 0 0 0 0 0 0 0 0 0 0 0 0 0 0 0 1093.8 0 0 0 0 0 0 0 0 0 0 0
"8711" 0 0 0 0 0 0 0 0 0 0 0 0 0 0 0 0 0 0 0 0 0 0 0 0 0 0 0 0 0 0 0 1250 0 0 0 0 0 0 0 0 0 0 0
"8114" 0 0 0 0 0 0 0 0 0 0 0 76 0 0 0 0 0 0 0 0 0 0 0 0 0 0 0 0 0 0 0 1280.8 0 0 0 0 0 0 0 0 0 0 0
"8385" 0 0 0 0 0 0 0 0 0 0 0 0 0 0 0 0 0 0 0 0 0 0 0 0 0 0 0 0 0 0 0 213.3 0 0 0 0 0 0 0 0 0 0 0
"8106" 0 0 0 0 0 0 0 0 0 0 0 0 0 0 0 0 0 0 0 0 0 0 0 0 0 0 0 0 0 0 0 652 0 0 0 0 0 0 7.3 0 0 0 0
"7643" 0 0 10.4 0 0 0 0 0 0 0 0 852.9 0 0 0 0 0 0 0 0 0 187.1 10.4 0 0 0 0 0 0 0 0 1184.7 0 0 0 0 315.7 0 0 0 0 0 0
"8441" 0 0 0 0 208.3 0 0 0 0 0 0 711.1 0 0 0 375 0 0 0 0 0 0 0 0 0 0 0 0 0 0 0 0 0 0 0 0 0 0 0 0 0 0 0
"8399" 0 0 0 0 0 0 0 0 0 0 0 0 0 0 0 0 0 0 0 0 0 0 0 0 0 0 0 0 0 0 0 2044.5 0 0 0 0 0 0 0 0 0 0 0
"7988" 0 411.4 0 0 2813 0 0 0 0 0 28.6 0 0 0 0 1413.4 0 0 0 0 0 0 0 0 933.3 0 0 0 0 0 0 428.6 0 0 0 0 1572.8 0 0 0 0 0 0
"8113" 0 0 0 0 0 0 0 0 0 0 0 322.8 0 0 0 0 0 0 0 0 0 0 0 0 0 0 0 0 0 0 0 680.3 0 0 0 0 0 0 31.7 0 0 0 0
"8587" 0 0 0 0 2501.6 0 0 133.3 0 0 0 0 0 0 0 245.7 0 0 0 0 0 348.3 0 0 0 59.2 275.1 0 0 0 0 0 0 0 0 0 2926.8 0 0 0 0 0 0
"8373" 0 0 0 0 5 2 0 0 0 0 0 368.9 0 0 0 0 0 2 0 0 0 0 0 0 401 0 0 0 0 0 0 102.5 0 0 0 0 0 0 27 0 0 0 0
"7804" 0 0 0 0 989.7 97.3 0 0 0 0 0 1282.3 0 0 2.8 0 0 0 0 0 0 0 0 2.8 1974.9 0 0 0 0 0 0 154.7 0 0 0 0 151.1 0 102.7 0 0 0 0
"8439" 0 0 0 0 384.1 0 0 0 0 0 0 1888.9 0 0 0 0 0 0 0 0 0 0 0 0 0 0 0 0 0 0 0 942.5 0 0 0 0 0 0 0 0 0 0 0
"8440" 0 0 0 0 0 0 0 0 0 0 0 869.3 0 0 0 0 0 0 0 0 0 0 0 0 0 0 0 0 0 0 0 315.6 0 0 0 0 0 0 0 0 0 0 0
"8528" 0 0 0 0 9367.5 150 0 0 0 0 0 13159.5 0 0 0 0 0 0 0 0 0 0 0 0 979.7 0 0 0 0 0 0 33.3 0 0 0 0 0 0 100 0 0 0 0
"8402" 0 0 0 0 0 0 0 0 0 0 0 2929 0 0 0 0 0 0 0 0 0 0 0 0 0 0 0 0 0 0 0 320 0 0 0 0 50 0 0 0 0 0 0
"8125" 0 0 0 0 0 0 0 0 0 0 0 74.1 0 0 0 0 0 0 0 0 0 0 0 0 0 0 0 0 0 0 0 724.5 0 0 0 0 0 0 34 0 0 0 0
"8715" 0 0 0 0 0 0 0 0 0 0 0 0 0 0 0 0 0 0 0 0 0 0 0 0 0 0 0 0 0 0 0 723.2 0 0 0 0 0 0 0 0 0 0 0
"8516" 0 477.8 0 0 0 0 0 0 0 0 0 0 0 0 0 2562.4 0 0 0 0 0 61.1 0 0 0 0 0 0 0 83.3 0 27.8 0 0 0 0 1400 0 0 0 0 0 0
"8517" 0 1124.4 0 0 0 0 0 0 0 6.2 0 106.7 0 0 0 413.2 0 0 0 0 0 51.4 0 0 0 0 0 0 0 12.3 0 1844.7 0 0 0 0 412.8 0 79 0 0 0 0
"8107" 0 0 0 0 0 0 0 0 0 0 0 888.9 0 0 0 0 0 0 0 0 0 0 0 0 0 0 0 0 0 0 0 12445.8 0 0 0 0 0 0 0 0 0 0 0
"8438" 0 16.7 0 0 1077.6 0 0 0 0 0 0 3010 0 0 0 0 0 0 0 0 0 0 0 0 3859.7 0 0 0 0 0 0 136.1 0 0 0 0 120 0 0 0 0 0 0
