"LCBD_repl" "LCBD_rich" "LCBD_D"
"8123" 0.0013197025325826 0.00318031928857891 0.00240884926561782
"8582" 0.00893759420399571 0.00356247696049243 0.00445584428412111
"8384" 0.00063381423356465 0.00246023194819337 0.00215220927703296
"8379" 0.00063381423356465 0.00246023194819337 0.00215220927703296
"8473" 0.00517141398023312 0.0044134799115082 0.0045893186836511
"7780" 0.000894283909579913 0.00667253074599444 0.00521365483039634
"8045" 0.0013197025325826 0.00318031928857891 0.00240884926561782
"8666" 0.00063381423356465 0.00246023194819337 0.00215220927703296
"7982" 0.0176167293597395 0.00258594052480568 0.00540812440789603
"8679" 0.00490039708342795 0.00513720908262252 0.00493304622220224
"7962" 0.00063381423356465 0.00246023194819338 0.00215220927703296
"8650" 0.0163510999326913 0.0030780340391356 0.00524992060420074
"8231" 0.00063381423356465 0.00246023194819337 0.00215220927703296
"8232" 0.00355560670128775 0.00326012753160211 0.00338449007798676
"8240" 0.00063381423356465 0.00246023194819337 0.00215220927703296
"7748" 0.00063381423356465 0.00246023194819337 0.00215220927703296
"7811" 0.0170390257644447 0.00313375469509975 0.00526131383277866
"8218" 0.0013197025325826 0.00318031928857891 0.00240884926561782
"8526" 0.0013197025325826 0.00318031928857891 0.00240884926561782
"8479" 0.00284741296199812 0.00544337860109353 0.00483817827076327
"8003" 0.00583851797434932 0.00437261822320646 0.00470394343210811
"8442" 0.00612965417775626 0.00320489726304144 0.00385670588690769
"7923" 0.00116964346586357 0.00641020115621272 0.00521107046325997
"7865" 0.0187437437428289 0.00295474555402164 0.00561581619117449
"8583" 0.00913011648283241 0.00396926121014955 0.00464507293299234
"8042" 0.0013197025325826 0.00318031928857891 0.00240884926561782
"7745" 0.0013197025325826 0.00318031928857891 0.00240884926561782
"8022" 0.00063381423356465 0.00246023194819338 0.00215220927703296
"7622" 0.00063381423356465 0.00246023194819338 0.00215220927703296
"8527" 0.00417644661907471 0.00374840789288786 0.00396249176491909
"8481" 0.00355560670128775 0.00326012753160211 0.00338449007798676
"8216" 0.00402075867379341 0.00376658119208633 0.00393017829152412
"8669" 0.00063381423356465 0.00246023194819338 0.00215220927703296
"8376" 0.00063381423356465 0.00246023194819338 0.00215220927703296
"8665" 0.00612965417775626 0.00320489726304144 0.00385670588690769
"8680" 0.0013197025325826 0.00318031928857891 0.00240884926561782
"7903" 0.00063381423356465 0.00246023194819338 0.00215220927703296
"8694" 0.0013197025325826 0.00318031928857891 0.00240884926561782
"8677" 0.00063381423356465 0.00246023194819338 0.00215220927703296
"7905" 0.0013197025325826 0.00318031928857891 0.00240884926561782
"8380" 0.00417644661907471 0.00374840789288786 0.00396249176491909
"7866" 0.00893759420399572 0.00356247696049247 0.00445584428412111
"7867" 0.00961623437771805 0.00309628767483482 0.00443183797306543
"8026" 0.00544548801575355 0.00369264509250189 0.00414548029704357
"8063" 0.0013197025325826 0.00318031928857891 0.00240884926561782
"8447" 0.0160285471551491 0.00383006450134539 0.00539807880091019
"7961" 0.00355560670128775 0.00326012753160211 0.00338449007798676
"7658" 0.00344327836391354 0.00330819207354824 0.00351381400881394
"8338" 0.00327876705895454 0.00422092488868478 0.00410435929071916
"8670" 0.000633814233564649 0.00246023194819338 0.00215220927703296
"8027" 0.000633814233564649 0.00246023194819338 0.00215220927703296
"7992" 0.016040685159197 0.00260711499234801 0.00562410802565067
"7993" 0.016040685159197 0.00260711499234801 0.00562410802565067
"8377" 0.000633814233564649 0.00246023194819338 0.00215220927703296
"8293" 0.0013197025325826 0.00318031928857891 0.00240884926561782
"8294" 0.0013197025325826 0.00318031928857891 0.00240884926561782
"9696" 0.00369730618528016 0.00331232133856344 0.00359799816911069
"7660" 0.000388314155874056 0.00671995694584573 0.00525220352524657
"7963" 0.000633814233564649 0.00246023194819338 0.00215220927703296
"7964" 0.0013197025325826 0.00318031928857891 0.00240884926561782
"8446" 0.0013197025325826 0.00318031928857891 0.00240884926561782
"8146" 0.0013197025325826 0.00318031928857891 0.00240884926561782
"8147" 0.0013197025325826 0.00318031928857891 0.00240884926561782
"8430" 0.0013197025325826 0.00318031928857891 0.00240884926561782
"7778" 0.00822556619861158 0.00239501547451761 0.00413123556830245
"8374" 0.000633814233564649 0.00246023194819338 0.00215220927703296
"8672" 0.0013197025325826 0.00318031928857891 0.00240884926561782
"8040" 0.000633814233564649 0.00246023194819338 0.00215220927703296
"7753" 0.0013197025325826 0.00318031928857891 0.00240884926561782
"7869" 0.0160406851591971 0.00260711499234801 0.00562410802565067
"8514" 0.0054898685848546 0.00372468704318101 0.00412316577329902
"8556" 0.00703217764263251 0.00364725910221177 0.00436499915704064
"8521" 0.000633814233564649 0.00246023194819338 0.00215220927703296
"8558" 0.000349409059430643 0.0057468391746196 0.00469900748535928
"8671" 0.00366327698780831 0.00472162349386768 0.00455113713006942
"7981" 0.00893759420399572 0.00356247696049247 0.00445584428412111
"8241" 0.00344327836391354 0.00330819207354823 0.00351381400881394
"8525" 0.000633814233564649 0.00246023194819338 0.00215220927703296
"8428" 0.00493266016258472 0.00371958309771909 0.00409654792553834
"7864" 0.0140298006239107 0.00486246134665486 0.00562637837548664
"7406" 0.0100149957607351 0.00603275871871314 0.00564297761248436
"7959" 0.00562999209779937 0.00415075710751788 0.00439249671703543
"8341" 0.00835392135949451 0.00453049456911519 0.00481044526741288
"7958" 0.0013197025325826 0.00318031928857891 0.00240884926561782
"8378" 0.000633814233564649 0.00246023194819338 0.00215220927703296
"8559" 0.0013197025325826 0.00318031928857891 0.00240884926561782
"7972" 0.0013197025325826 0.00318031928857891 0.00240884926561782
"8375" 0.00248234911691463 0.00524212271176424 0.00464547850418665
"7781" 0.00532376979612698 0.00372818382565386 0.00412560849126025
"7746" 0.0013197025325826 0.00318031928857891 0.00240884926561782
"8217" 0.00063381423356465 0.00246023194819338 0.00215220927703296
"8649" 0.000633814233564649 0.00246023194819338 0.00215220927703296
"8372" 0.00355560670128775 0.00326012753160211 0.00338449007798677
"9873" 0.000633814233564649 0.00246023194819338 0.00215220927703296
"9874" 0.00804523533313294 0.00309528806243058 0.0049183293924498
"8687" 0.00192630670479974 0.00526196339536314 0.00454234631306268
"8455" 0.000633814233564649 0.00246023194819338 0.00215220927703296
"8456" 0.000633814233564649 0.00246023194819338 0.00215220927703296
"8433" 0.000633814233564649 0.00246023194819338 0.00215220927703296
"8434" 0.000633814233564649 0.00246023194819338 0.00215220927703296
"7875" 0.00777966021854803 0.00454678354652492 0.00473802806227538
"7876" 0.00723520673369108 0.00504930506974286 0.00491132342827059
"7639" 0.0013197025325826 0.00318031928857891 0.00240884926561782
"7758" 0.00595922589635242 0.00485336739169454 0.00494799923715997
"7762" 0.00631659306771771 0.00410619795849207 0.00448208264360634
"7878" 0.0013197025325826 0.00318031928857891 0.00240884926561782
"7879" 0.00822556619861158 0.00239501547451761 0.00413123556830245
"8085" 0.0013197025325826 0.00318031928857891 0.00240884926561782
"8086" 0.0013197025325826 0.00318031928857891 0.00240884926561782
"8221" 0.000633814233564649 0.00246023194819338 0.00215220927703296
"7925" 0.0100731315687259 0.00620943820340973 0.00573750465908555
"8683" 0.00569870553880086 0.00371090598744705 0.00414250198452652
"8339" 0.000633814233564649 0.00246023194819338 0.00215220927703296
"8704" 0.0013197025325826 0.00318031928857891 0.00240884926561782
"8244" 0.0013197025325826 0.00318031928857891 0.00240884926561782
"8451" 0.0013197025325826 0.0031803192885789 0.00240884926561782
"8390" 0.00826975486423852 0.00399852234050663 0.004498027365142
"8092" 0.00355560670128775 0.00326012753160211 0.00338449007798677
"8690" 0.0013197025325826 0.0031803192885789 0.00240884926561782
"7911" 0.0013197025325826 0.0031803192885789 0.00240884926561782
"8453" 0.0154490044485915 0.00410593234930299 0.00543474245592736
"7953" 0.00363056480377092 0.00377811947448981 0.00388728100952499
"8686" 0.000633814233564649 0.00246023194819338 0.00215220927703296
"8689" 0.00355560670128775 0.00326012753160211 0.00338449007798677
"8563" 0.00344327836391354 0.00330819207354823 0.00351381400881394
"8457" 0.000633814233564649 0.00246023194819338 0.00215220927703296
"8382" 0.00566912638794608 0.00371948771798467 0.00415089705623775
"8383" 0.000633814233564649 0.00246023194819338 0.00215220927703296
"8083" 0.000633814233564648 0.00246023194819338 0.00215220927703296
"8543" 0.000633814233564648 0.00246023194819338 0.00215220927703296
"8702" 0.00623035243744513 0.00320368709216063 0.00387253833571778
"7924" 0.00379543148842695 0.00473083635428304 0.00456229802101781
"7663" 0.00366804320293765 0.00449405887398563 0.00428180649155226
"8471" 0.0157048951540674 0.00431274168102403 0.00565325449663269
"8695" 0.00298285506220263 0.00544992076708112 0.00478381881681397
"8693" 0.00225721138745918 0.00502493330091194 0.00445449263619974
"8508" 0.00355560670128775 0.00326012753160211 0.00338449007798677
"8507" 0.00355560670128775 0.00326012753160211 0.00338449007798677
"7907" 0.000633814233564648 0.00246023194819338 0.00215220927703296
"8540" 0.000633814233564648 0.00246023194819338 0.00215220927703296
"8656" 0.00501377093709929 0.00416857140452492 0.00427359211532585
"8099" 0.0013197025325826 0.0031803192885789 0.00240884926561782
"8254" 0.000633814233564648 0.00246023194819338 0.00215220927703296
"7776" 0.00541494927075982 0.00369433097249692 0.00414679366192962
"7936" 0.0028389948843919 0.00499927622688766 0.00460041339529057
"7965" 0.0013197025325826 0.0031803192885789 0.00240884926561782
"7858" 0.000996541891606216 0.00642716134346002 0.00518237911132179
"8565" 0.0013197025325826 0.0031803192885789 0.00240884926561782
"8700" 0.000633814233564648 0.00246023194819338 0.00215220927703296
"8222" 0.0170314320998035 0.00348231087889733 0.00543711701536974
"8684" 0.0013197025325826 0.0031803192885789 0.00240884926561782
"8317" 0.0013197025325826 0.0031803192885789 0.00240884926561782
"8056" 0.0013197025325826 0.0031803192885789 0.00240884926561782
"8057" 0.0013197025325826 0.0031803192885789 0.00240884926561782
"8564" 0.000633814233564648 0.00246023194819338 0.00215220927703296
"8391" 0.00826975486423852 0.00399852234050663 0.004498027365142
"8435" 0.00385651830651638 0.00473182967947163 0.00448349790254807
"8436" 0.00127548695572738 0.00588460078455959 0.00483248105484647
"8255" 0.005997499966709 0.00463119414913276 0.00479012040577318
"8655" 0.0026472054341176 0.00500732009970539 0.0045571680651118
"8224" 0.0146939530123648 0.00439714765959096 0.00545776104811402
"8574" 0.00171918340493847 0.00549121832836324 0.00464355300681439
"8387" 0.00420507073056937 0.00328528242118908 0.0036832536899368
"8691" 0.00396564802760982 0.00377256821447918 0.00394192757329459
"8388" 0.000633814233564647 0.00246023194819338 0.00215220927703296
"8245" 0.00355560670128775 0.00326012753160211 0.00338449007798678
"8431" 0.000633814233564647 0.00246023194819338 0.00215220927703296
"8572" 0.00355560670128775 0.00326012753160211 0.00338449007798678
"8389" 0.00614765495989406 0.00552762370039012 0.00499953679393835
"8394" 0.00694582636791317 0.00527943716803797 0.00499837380784677
"7910" 0.0013197025325826 0.0031803192885789 0.00240884926561782
"7783" 0.00952470332753542 0.00469832637021221 0.00513761158676914
"7871" 0.00732557925752923 0.00480722322279607 0.00479812154324662
"8397" 0.00959195460044861 0.0030828635247494 0.00444928552216181
"7661" 0.0034004804707398 0.00422163401761706 0.00405109147067998
"8542" 0.000633814233564647 0.00246023194819338 0.00215220927703296
"8533" 0.000633814233564647 0.00246023194819338 0.00215220927703296
"8510" 0.00355560670128775 0.00326012753160211 0.00338449007798678
"7872" 0.00826975486423852 0.00399852234050663 0.004498027365142
"7985" 0.00284033264633329 0.00477741511034919 0.00437725960049191
"8701" 0.000633814233564647 0.00246023194819338 0.00215220927703296
"7877" 0.0208546420558906 0.00171390847305202 0.0058437630600182
"8449" 0.000633814233564647 0.00246023194819337 0.00215220927703296
"8575" 0.0034004804707398 0.00422163401761706 0.00405109147067998
"7908" 0.0013197025325826 0.0031803192885789 0.00240884926561782
"7909" 0.0013197025325826 0.0031803192885789 0.00240884926561782
"7803" 0.000633814233564647 0.00246023194819337 0.00215220927703296
"7884" 0.0176325314554746 0.00191134957257951 0.00553067813196863
"8381" 0.000633814233564647 0.00246023194819337 0.00215220927703296
"7881" 0.0160406851591971 0.00260711499234801 0.00562410802565067
"8696" 0.00245558528682522 0.00454066995587537 0.00417821627897965
"8220" 0.0013197025325826 0.0031803192885789 0.00240884926561782
"8685" 0.0013197025325826 0.0031803192885789 0.00240884926561782
"8464" 0.0013197025325826 0.0031803192885789 0.00240884926561782
"8465" 0.0013197025325826 0.0031803192885789 0.00240884926561782
"7859" 0.0149644166756864 0.00437241420318407 0.00551718002752909
"7926" 0.00966174642766996 0.00620179455514581 0.00564990111924101
"8524" 0.0013197025325826 0.0031803192885789 0.00240884926561782
"8462" 0.0182375899169329 0.00299631743772549 0.00548852017267923
"8716" 0.000633814233564647 0.00246023194819337 0.00215220927703296
"8133" 0.000633814233564647 0.00246023194819337 0.00215220927703296
"8134" 0.0013197025325826 0.0031803192885789 0.00240884926561782
"8234" 0.00449569714392438 0.00417937794358112 0.00427147581737449
"7744" 5.13040983872551e-05 0.00605759164657019 0.00483534808871991
"8706" 0.00442954247736252 0.00375931142894549 0.00397017674309943
"8869" 0.000633814233564647 0.00246023194819337 0.00215220927703296
"7889" 0.0115346140781152 0.00300923999910718 0.00467410423901346
"7810" 0.00355560670128775 0.00326012753160211 0.00338449007798678
"8586" 0.00344327836391354 0.00330819207354823 0.00351381400881395
"8238" 0.0013197025325826 0.0031803192885789 0.00240884926561782
"8237" 0.00344327836391354 0.00330819207354823 0.00351381400881395
"8720" 0.00369730618528015 0.00331232133856343 0.00359799816911071
"8719" 0.000633814233564647 0.00246023194819337 0.00215220927703296
"8712" 0.00442954247736252 0.00375931142894549 0.00397017674309943
"8235" 0.000633814233564648 0.00246023194819337 0.00215220927703296
"8495" 0.00131970253258259 0.00318031928857889 0.00240884926561782
"8236" 0.00131970253258259 0.00318031928857889 0.00240884926561782
"8705" 0.00442954247736252 0.00375931142894549 0.00397017674309943
"7807" 0.00391479580809557 0.00447340622291124 0.00439830423378856
"7927" 0.00973222038359456 0.00607507562103925 0.00557636700553582
"9698" 0.00909156816843703 0.00233935068400851 0.00412506878232853
"7765" 0.00909156816843704 0.00233935068400851 0.00412506878232853
"7888" 0.0199806912823715 0.00244080733869495 0.00572315247760375
"7915" 0.0013197025325826 0.00318031928857889 0.00240884926561782
"7916" 0.0013197025325826 0.00318031928857889 0.00240884926561782
"8135" 0.0013197025325826 0.00318031928857889 0.00240884926561782
"8136" 0.0013197025325826 0.00318031928857889 0.00240884926561782
"8323" 0.0013197025325826 0.00318031928857889 0.00240884926561782
"8124" 0.0013197025325826 0.00318031928857889 0.00240884926561782
"8463" 0.000633814233564648 0.00246023194819337 0.00215220927703296
"8242" 0.00355560670128775 0.00326012753160211 0.00338449007798678
"8243" 0.00131970253258259 0.00318031928857889 0.00240884926561782
"8225" 0.000633814233564648 0.00246023194819337 0.00215220927703296
"7885" 0.0197527401928745 0.00179592965968468 0.0056936563698172
"7766" 0.000633814233564648 0.00246023194819337 0.00215220927703296
"8584" 0.0186692250084284 0.00296832163478844 0.00558251161501243
"8340" 0.000396485285825256 0.00603994311548855 0.00488999710885075
"7806" 0.00131970253258259 0.00318031928857889 0.00240884926561782
"8717" 0.0046493566832841 0.00418526351754109 0.00428455979705918
"8722" 0.000633814233564647 0.00246023194819337 0.00215220927703296
"8506" 0.000633814233564648 0.00246023194819337 0.00215220927703296
"8709" 0.000633814233564648 0.00246023194819337 0.00215220927703296
"7987" 0.00916543151972325 0.00311154304184795 0.00438959824618953
"7764" 0.00474534777244901 0.00446213773707335 0.00444326016793711
"8150" 0.00131970253258259 0.00318031928857889 0.00240884926561782
"8228" 0.00131970253258259 0.00318031928857889 0.00240884926561782
"8229" 0.00131970253258259 0.00318031928857889 0.00240884926561782
"8523" 0.00131970253258259 0.00318031928857889 0.00240884926561782
"7970" 0.000633814233564648 0.00246023194819337 0.00215220927703296
"7969" 0.00131970253258259 0.00318031928857889 0.00240884926561782
"8721" 0.00934012276788082 0.00234356051433739 0.00426684088186447
"7805" 0.000633814233564648 0.00246023194819337 0.00215220927703296
"7784" 0.0160406851591971 0.00260711499234801 0.00562410802565068
"8707" 0.00131970253258259 0.00318031928857889 0.00240884926561783
"8585" 0.0166642794285608 0.00350335385430833 0.0053411777035885
"7971" 0.000633814233564648 0.00246023194819337 0.00215220927703296
"8149" 0.00131970253258259 0.00318031928857889 0.00240884926561783
"8714" 0.00131970253258259 0.00318031928857889 0.00240884926561783
"7989" 0.00209188189896032 0.00525686249895313 0.00458361301425125
"7991" 0.0174736689727909 0.00303673979666722 0.00538742854513561
"8713" 0.00131970253258259 0.00318031928857889 0.00240884926561783
"8079" 0.00131970253258259 0.00318031928857889 0.00240884926561783
"8571" 0.00517561320676691 0.00443656656402179 0.00451134428331684
"8291" 0.00131970253258259 0.00318031928857889 0.00240884926561783
"9697" 0.00355560670128775 0.0032601275316021 0.00338449007798679
"7743" 0.000633814233564648 0.00246023194819337 0.00215220927703296
"7968" 0.00131970253258259 0.00318031928857889 0.00240884926561783
"8112" 0.00131970253258259 0.00318031928857889 0.00240884926561783
"8461" 0.000633814233564648 0.00246023194819337 0.00215220927703296
"7809" 0.00909156816843702 0.00233935068400851 0.00412506878232853
"8239" 0.000633814233564648 0.00246023194819337 0.00215220927703296
"8570" 0.000633814233564648 0.00246023194819337 0.00215220927703296
"8711" 0.00131970253258259 0.00318031928857888 0.00240884926561783
"8114" 0.000633814233564648 0.00246023194819337 0.00215220927703296
"8385" 0.00131970253258259 0.00318031928857888 0.00240884926561783
"8106" 0.00909156816843702 0.00233935068400851 0.00412506878232853
"7643" 0.00608395095102829 0.00438680794694155 0.00466576803623962
"8441" 0.0161883116412768 0.00273746943049043 0.00499902238761129
"8399" 0.0013197025325826 0.00318031928857888 0.00240884926561783
"7988" 0.00802968800252653 0.0045414176337021 0.00477225787101574
"8113" 0.00355560670128775 0.0032601275316021 0.00338449007798679
"8587" 0.0158279615769796 0.00408427345502838 0.00550640196516454
"8373" 0.00368944844616389 0.00472109443897488 0.00454945399396292
"7804" 0.00230013981303036 0.00524938645672461 0.00466271052444418
"8439" 0.00344327836391354 0.00330819207354823 0.00351381400881395
"8440" 0.000633814233564648 0.00246023194819337 0.00215220927703296
"8528" 0.00343942682517232 0.00449470348360916 0.00433827109301479
"8402" 0.00369730618528015 0.00331232133856343 0.00359799816911071
"8125" 0.00355560670128775 0.0032601275316021 0.00338449007798679
"8715" 0.0013197025325826 0.00318031928857888 0.00240884926561783
"8516" 0.0101207241487953 0.0042070610682268 0.00494082188799793
"8517" 0.00338798369318891 0.00520602114046919 0.00476923173068312
"8107" 0.000633814233564648 0.00246023194819337 0.00215220927703296
"8438" 0.00366804320293765 0.00449405887398564 0.00428180649155227
