"CCall" "CCin" "CCout" "BCdir" "BCund"
"8123" 0.007087691004558 0.000163961305132 0.000166807628228 5.37063802812766 9.4090272828564
"8582" 0.013525139020691 0.000164068882464 0.000165148138557 5.62401750618734 10.5069835111434
"8384" 0.010709645703852 0.000163907556138 0.000164607609864 0 0
"8379" 0.010709645703852 0.000163907556138 0.000164607609864 0 0
"8473" 0.010765858462494 0.000201388391379 0.000167053857342 11.7976306107696 15.5521853440388
"7780" 0.013019443792287 0.002139975442905 0.000164769583513 12.1153653561537 15.6570901369761
"8045" 0.007547375245599 0.000163907556138 0.000166561755515 0 0
"8666" 0.011749908023261 0.000163907556138 0.000165229369786 0 0
"7982" 0.011313622900257 0.000164500429724 0.000164472752931 6.13772705408623 11.8041163742477
"8679" 0.012751369204398 0.000163907556138 0.0001650398919 0 0
"7962" 0.006720733683766 0.000164933566382 0.000169008819517 8.86883549282689 12.3475461657981
"8650" 0.014600252273211 0.000163907556138 0.00016577192403 0 0
"8231" 0.011361138944867 0.000163961305132 0.00016650716554 5.26269018890489 9.4090272828564
"8232" 0.011361138944867 0.000163961305132 0.00016650716554 5.26269018890489 9.4090272828564
"8240" 0.008613677955762 0.000163907556138 0.000167437588668 0 0
"7748" 0.010749031265584 0.000163961305132 0.000165446180141 4.74493212836325 9.4090272828564
"7811" 0.012179854520623 0.000167134689462 0.000166261728504 9.23669014729897 13.4696257618649
"8218" 0.008910039277206 0.000164284354996 0.000167300442798 7.46794233228585 11.3529679581092
"8526" 0.011354794515448 0.000163907556138 0.000165310640645 0 0
"8479" 0.010407904547572 0.000198863777139 0.000167190805273 11.7823646431097 15.5408762750664
"8003" 0.008241105010592 0.000173191982177 0.000166234479729 10.2473963549452 14.4543029203464
"8442" 0.009033744738954 0.000163907556138 0.000164553653879 0 0
"7923" 0.009559360494454 0.000164284354996 0.000164015062928 4.04305126783455 11.3529679581092
"7865" 0.009932426931531 0.000164230500145 0.000164122640185 4.57471097850338 11.1994742006245
"8583" 0.013525139020691 0.000164068882464 0.000165148138557 5.62401750618734 10.5069835111434
"8042" 0.007039181700897 0.000163961305132 0.000166834969419 5.37989735354046 9.4090272828564
"7745" 0.008351256590305 0.000164068882464 0.000167519928967 6.68336094576627 10.5069835111434
"8022" 0.008024721404037 0.000164122728501 0.000166261728504 6.54678541076052 10.7945015012255
"7622" 0.007520836415643 0.00016439233908 0.000167767187329 7.84658997529119 11.6036250322169
"8527" 0.007849859217279 0.000180037213987 0.000168317925299 11.3975258367405 14.9327162463755
"8481" 0.008386747289431 0.000182169783074 0.000168042336531 11.4471381644321 15.0401044780627
"8216" 0.009431380522189 0.000163907556138 0.000166971741374 0 0
"8669" 0.010252514387135 0.000164015080568 0.000165364843234 5.37989735354046 10.1018464870277
"8376" 0.012569984936625 0.000163907556138 0.000164742576895 0 0
"8665" 0.012994814855843 0.000163907556138 0.000165310640645 0 0
"8680" 0.01068338645837 0.000163907556138 0.000165473301249 0 0
"7903" 0.010739209735006 0.000164338351436 0.000166999108964 7.50933526601659 11.4864172050894
"8694" 0.010798734600739 0.000163961305132 0.000165446180141 4.74493212836325 9.4090272828564
"8677" 0.013259140112159 0.000163907556138 0.000165148138557 0 0
"7905" 0.010739285362178 0.000164392303637 0.000166999108964 7.62705741701893 11.6036250322169
"8380" 0.010825564659678 0.000163961305132 0.000164580629669 3.93182563272433 9.4090272828564
"7866" 0.010130231600344 0.005246165568985 0.000164122640185 10.7803095404999 13.2334466865972
"7867" 0.009932426931531 0.000164230500145 0.000164122640185 4.57471097850338 11.1994742006245
"8026" 0.007659294491084 0.000164446246943 0.00016650716554 7.56060116276856 11.7086567086741
"8063" 0.007593666633055 0.000164176583381 0.000166534458327 6.87832646829133 11.0171526438305
"8447" 0.010023909489027 0.000163907556138 0.000164257210851 0 0
"7961" 0.006765629713758 0.000165096749943 0.000168981131041 9.01005848980524 12.4937297176694
"7658" 0.013437277651604 0.000163961305132 0.000165121070288 4.51085950651685 9.4090272828564
"8338" 0.011889586671189 0.000163961305132 0.000165202288306 4.57471097850338 9.4090272828564
"8670" 0.014445939033401 0.000163907556138 0.000165581829712 0 0
"8027" 0.007432733759477 0.00016423045593 0.000166616363093 7.09090982207998 11.1991457933966
"7992" 0.01002865565049 0.000163907556138 0.00016414954551 0 0
"7993" 0.01002865565049 0.000163907556138 0.00016414954551 0 0
"8377" 0.012569984936625 0.000163907556138 0.000164742576895 0 0
"8293" 0.008956626435263 0.000164176592218 0.000165907837761 6.60800062529609 11.0173496364111
"8294" 0.009037291420055 0.000164230473616 0.00016588064621 6.77650699237218 11.1991457933966
"9696" 0.010835602592729 0.000164176565706 0.000166589057103 6.89871453432999 11.0171526438305
"7660" 0.013710175872338 0.000164176592218 0.000165121070288 6.11146733950268 11.0173496364111
"7963" 0.007301296997611 0.000164770945426 0.000167877194255 8.44955654270043 12.1766850286356
"7964" 0.007300772685057 0.000163961305132 0.000167877194255 5.68017260901707 9.4090272828564
"8446" 0.009033798253071 0.000163961305132 0.000164553653879 3.89182029811063 9.4090272828564
"8146" 0.009994412959313 0.000164122710838 0.000165554690992 6.19236248947487 10.7943373919283
"8147" 0.009994412959313 0.000164122710838 0.000165554690992 6.19236248947487 10.7943373919283
"8430" 0.010022921270775 0.000163907556138 0.000164257210851 0 0
"7778" 0.014452441988846 0.000163907556138 0.000165744754491 0 0
"8374" 0.010596624714456 0.000163907556138 0.000164634594462 0 0
"8672" 0.011749908023261 0.000163907556138 0.000165229369786 0 0
"8040" 0.00960750960751 0.000164015080568 0.000165690428621 5.57972982598622 10.1018464870277
"7753" 0.007958854029398 0.000164338333727 0.000167712210246 7.71467747380093 11.4861707276614
"7869" 0.009207574966264 0.000163907556138 0.000164015062928 0 0
"8514" 0.00946921186663 0.000164230447086 0.000164041950636 4.11087386417331 11.1991457933966
"8556" 0.012767703152995 0.000172538100514 0.0001650398919 9.46133252611013 14.3963498120656
"8521" 0.010867706165731 0.000163907556138 0.000166999108964 0 0
"8558" 0.012657098453552 0.000164015080568 0.000164958753145 5.05624580534831 10.1018464870277
"8671" 0.011889586671189 0.000163961305132 0.000165202288306 4.57471097850338 9.4090272828564
"7981" 0.011185149055863 0.000163907556138 0.000164553653879 0 0
"8241" 0.008688505676728 0.000168644880328 0.000167410150698 10.0073519495664 13.8351053205208
"8525" 0.011103102315998 0.000163907556138 0.000165364843234 0 0
"8428" 0.009479409479409 0.000188685921952 0.000167547384529 11.5924110944276 15.2698242501677
"7864" 0.009837392736134 0.000164392365662 0.000164095739265 4.84418708645859 11.6036250322169
"7406" 0.012317782637581 0.002232204935442 0.000164634594462 11.9496631163825 14.5807234838945
"7959" 0.007940578438596 0.000163907556138 0.000168262772386 0 0
"8341" 0.013710175872338 0.000164176592218 0.000165121070288 6.11146733950268 11.0173496364111
"7958" 0.00844086207493 0.000164068882464 0.000167136012904 6.57228254269401 10.5069835111434
"8378" 0.010709645703852 0.000163907556138 0.000164607609864 0 0
"8559" 0.011337320600841 0.000163961305132 0.000165310640645 4.65396035015752 9.4090272828564
"7972" 0.006413329632527 0.000166025707638 0.0001692027618 9.62463306868703 13.0600495797333
"8375" 0.010714875408834 0.000164068882464 0.000164661583465 5.12989871492307 10.5069835111434
"7781" 0.012869144012051 0.000163907556138 0.000166179995383 0 0
"7746" 0.012869144012051 0.000163907556138 0.000166179995383 0 0
"8217" 0.009431380522189 0.000163907556138 0.000166971741374 0 0
"8649" 0.010368119223173 0.000163907556138 0.000165419063435 0 0
"8372" 0.011354794515448 0.000163907556138 0.000165310640645 0 0
"9873" 0.009768455575146 0.00016406889129 0.000166698307463 6.4281052726846 10.5070928844346
"9874" 0.009864612239881 0.000164176601056 0.000166670988272 6.92853781816467 11.0173496364111
"8687" 0.012404071789074 0.000163907556138 0.000165094006422 0 0
"8455" 0.009124346898694 0.000163907556138 0.00016414954551 0 0
"8456" 0.009124346898694 0.000163907556138 0.00016414954551 0 0
"8433" 0.010397721364931 0.000163907556138 0.000164526682492 0 0
"8434" 0.010397721364931 0.000163907556138 0.000164526682492 0 0
"7875" 0.009739181525571 0.000163961305132 0.000164176455239 3.04452243772342 9.4090272828564
"7876" 0.009739181525571 0.000163961305132 0.000164176455239 3.04452243772342 9.4090272828564
"7639" 0.008754368214468 0.000163907556138 0.000167355287951 0 0
"7758" 0.014246710994958 0.000163907556138 0.00016577192403 0 0
"7762" 0.014246710994958 0.000163907556138 0.00016577192403 0 0
"7878" 0.009549154664997 0.000163907556138 0.000164391891621 0 0
"7879" 0.009549154664997 0.000163907556138 0.000164391891621 0 0
"8085" 0.007324054596625 0.000163907556138 0.000166670988272 0 0
"8086" 0.007324054596625 0.000163907556138 0.000166670988272 0 0
"8221" 0.009431438851034 0.000163961305132 0.000166971741374 5.4249500174814 9.4090272828564
"7925" 0.010230693758438 0.005218367284088 0.00016414954551 10.8977573257269 13.5275484463052
"8683" 0.014240391820879 0.000163907556138 0.000165608972835 0 0
"8339" 0.01117113817416 0.000163907556138 0.000165202288306 0 0
"8704" 0.013437159252365 0.000163907556138 0.000165121070288 0 0
"8244" 0.006671143258974 0.000164230500145 0.000167053857342 7.23921497377981 11.1994742006245
"8451" 0.009115974624713 0.000163907556138 0.000164526682492 0 0
"8390" 0.009834950188396 0.000164068882464 0.00016414954551 4.00733318523247 10.5069835111434
"8092" 0.008114486086982 0.000163907556138 0.000166288981681 0 0
"8690" 0.011767951431157 0.000164015080568 0.000165229369786 5.28320372873799 10.1018464870277
"7911" 0.010298695948729 0.000164068882464 0.000167108623317 6.56385552653213 10.5069835111434
"8453" 0.009925477561912 0.000163907556138 0.000164284138197 0 0
"7953" 0.011224893501523 0.000165533710533 0.000166589057103 8.68963274835574 12.8006694023608
"8686" 0.013437159252365 0.000163907556138 0.000165121070288 0 0
"8689" 0.011930326890957 0.000164284354996 0.000164985794994 6.3297209055227 11.3529679581092
"8563" 0.014786480793331 0.000164015080568 0.000165608972835 5.53338948872752 10.1018464870277
"8457" 0.008961007863652 0.000163907556138 0.000164203369372 0 0
"8382" 0.010596624714456 0.000163907556138 0.000164634594462 0 0
"8383" 0.010596624714456 0.000163907556138 0.000164634594462 0 0
"8083" 0.009351683072994 0.000164068882464 0.00016577192403 6.0282785202307 10.5069835111434
"8543" 0.014363722417532 0.000163907556138 0.000165229369786 0 0
"8702" 0.014240391820879 0.000163907556138 0.000165608972835 0 0
"7924" 0.009559360494454 0.000164284354996 0.000164015062928 4.04305126783455 11.3529679581092
"7663" 0.014786194057889 0.000163907556138 0.000165608972835 0 0
"8471" 0.009466067252528 0.000163961305132 0.000164203369372 3.13549421592915 9.4090272828564
"8695" 0.014137682486193 0.000163961305132 0.000165935033714 5.01727983681492 9.4090272828564
"8693" 0.014445939033401 0.000163907556138 0.000165581829712 0 0
"8508" 0.010610301036853 0.000164122710838 0.000164688576871 5.4510384535657 10.7943373919283
"8507" 0.010610301036853 0.000164122710838 0.000164688576871 5.4510384535657 10.7943373919283
"7907" 0.010739285362178 0.000164392303637 0.000166999108964 7.62705741701893 11.6036250322169
"8540" 0.014363722417532 0.000163907556138 0.000165229369786 0 0
"8656" 0.014240391820879 0.000163907556138 0.000165608972835 0 0
"8099" 0.00671454910702 0.000163907556138 0.000167026480953 0 0
"8254" 0.01425290256856 0.000163907556138 0.000165283545955 0 0
"7776" 0.012461848357692 0.000166027361527 0.000166288981681 8.83419131820207 13.060364561816
"7936" 0.012461848357692 0.000166027361527 0.000166288981681 8.83419131820207 13.060364561816
"7965" 0.007144388083161 0.000163961305132 0.000168732132374 5.87211778947542 9.4090272828564
"7858" 0.01012538883153 0.000164825190996 0.00016423028791 6.0137151560428 12.2369800525585
"8565" 0.014361963869066 0.000163907556138 0.00016566327229 0 0
"8700" 0.01166125023896 0.000164015080568 0.0001650398919 5.12989871492307 10.1018464870277
"8222" 0.013940626642594 0.000163907556138 0.000165962234069 0 0
"8684" 0.012666533771886 0.000163907556138 0.000165364843234 0 0
"8317" 0.00872259710324 0.000163961305132 0.000165989438827 5.04342511691925 9.4090272828564
"8056" 0.008718470580164 0.000163961305132 0.000166016647986 5.05624580534831 9.4090272828564
"8057" 0.008795087439029 0.000164015080568 0.000165989438827 5.73334127689775 10.1018464870277
"8564" 0.014361963869066 0.000163907556138 0.00016566327229 0 0
"8391" 0.009739181525571 0.000163907556138 0.000164176455239 0 0
"8435" 0.011071403291292 0.000163961305132 0.000164472752931 3.76120011569356 9.4090272828564
"8436" 0.011071403291292 0.000163961305132 0.000164472752931 3.76120011569356 9.4090272828564
"8255" 0.01425290256856 0.000163907556138 0.000165283545955 0 0
"8655" 0.01117113817416 0.000163907556138 0.000165202288306 0 0
"8224" 0.014057566888669 0.000192411953867 0.000165962234069 11.1441923989177 15.3681262353381
"8574" 0.014786194057889 0.000163907556138 0.000165608972835 0 0
"8387" 0.009042583154705 0.000163907556138 0.00016423028791 0 0
"8691" 0.013599315129572 0.000163907556138 0.000165256455669 0 0
"8388" 0.009125083958252 0.000163961305132 0.000164203369372 3.13549421592915 9.4090272828564
"8245" 0.006671143258974 0.000164230500145 0.000167053857342 7.23921497377981 11.1994742006245
"8431" 0.009923539938181 0.000163907556138 0.000164284138197 0 0
"8572" 0.014361963869066 0.000163907556138 0.00016566327229 0 0
"8389" 0.009834950188396 0.000164068882464 0.00016414954551 4.00733318523247 10.5069835111434
"8394" 0.009834950188396 0.000164068882464 0.00016414954551 4.00733318523247 10.5069835111434
"7910" 0.010298695948729 0.000164068882464 0.000167108623317 6.56385552653213 10.5069835111434
"7783" 0.009932426931531 0.000164230500145 0.000164122640185 4.57471097850338 11.1994742006245
"7871" 0.009739181525571 0.000163961305132 0.000164176455239 3.04452243772342 9.4090272828564
"8397" 0.009558971015946 0.000163907556138 0.000164068842748 0 0
"7661" 0.012884474841479 0.000163907556138 0.000164877654023 0 0
"8542" 0.014363722417532 0.000163907556138 0.000165229369786 0 0
"8533" 0.014950430743968 0.000163907556138 0.000165391951133 0 0
"8510" 0.010610301036853 0.000164122710838 0.000164688576871 5.4510384535657 10.7943373919283
"7872" 0.009645259987192 0.000163907556138 0.000164203369372 0 0
"7985" 0.011187241409666 0.000164015080568 0.00016449971551 4.48863636973214 10.1018464870277
"8701" 0.01166125023896 0.000164015080568 0.0001650398919 5.12989871492307 10.1018464870277
"7877" 0.010130231600344 0.005246165568985 0.000164122640185 10.7803095404999 13.2334466865972
"8449" 0.009559690077982 0.000164554541684 0.000164068842748 4.97673374242057 11.8903202624833
"8575" 0.014786194057889 0.000163907556138 0.000165608972835 0 0
"7908" 0.0102986263996 0.000164015080568 0.000167108623317 6.15909538849193 10.1018464870277
"7909" 0.0102986263996 0.000164015080568 0.000167108623317 6.15909538849193 10.1018464870277
"7803" 0.012030063325464 0.000163907556138 0.00016517521123 0 0
"7884" 0.009377315505161 0.000163907556138 0.00016423028791 0 0
"8381" 0.010943470694821 0.000163907556138 0.000164553653879 0 0
"7881" 0.009556395265041 0.000164015080568 0.000164176455239 3.71357206670431 10.1018464870277
"8696" 0.012022144395808 0.000164015080568 0.000164688576871 4.76217393479776 10.1018464870277
"8220" 0.009806285668355 0.000163907556138 0.000166944378184 0 0
"8685" 0.012666533771886 0.000163907556138 0.000165364843234 0 0
"8464" 0.009284612961015 0.000163907556138 0.000164472752931 0 0
"8465" 0.009284612961015 0.000163907556138 0.000164472752931 0 0
"7859" 0.009466067252528 0.000163961305132 0.000164203369372 3.13549421592915 9.4090272828564
"7926" 0.009651211543482 0.0001646086093 0.000164041950636 4.87519732320115 11.9700338062302
"8524" 0.009199104821537 0.000164015080568 0.000167657250751 6.31535800152233 10.1018464870277
"8462" 0.00973911932816 0.000163907556138 0.000164176455239 0 0
"8716" 0.010681889818933 0.000164015080568 0.000165256455669 5.30330490805908 10.1018464870277
"8133" 0.007930492483583 0.000164015080568 0.00016637076762 5.89989735358249 10.1018464870277
"8134" 0.007930492483583 0.000164015080568 0.00016637076762 5.89989735358249 10.1018464870277
"8234" 0.011624361612928 0.000163907556138 0.000166452593169 0 0
"7744" 0.011189416646183 0.000166744097888 0.000164553653879 7.82284529027977 13.3434055223099
"8706" 0.012404071789074 0.000163907556138 0.000165094006422 0 0
"8869" 0.011889586671189 0.000163961305132 0.000165202288306 4.57471097850338 9.4090272828564
"7889" 0.009641204929343 0.000164015080568 0.000164364946658 4.23410650459726 10.1018464870277
"7810" 0.010106934682692 0.000163907556138 0.000167273026819 0 0
"8586" 0.013344679957385 0.000163907556138 0.00016517521123 0 0
"8238" 0.00951066831934 0.000163907556138 0.00016708123813 0 0
"8237" 0.012187617380741 0.000163907556138 0.000166343501239 0 0
"8720" 0.010749031265584 0.000163961305132 0.000165446180141 4.74493212836325 9.4090272828564
"8719" 0.010634736886149 0.000163907556138 0.000165473301249 0 0
"8712" 0.014278758824741 0.000163907556138 0.000165907837761 0 0
"8235" 0.011624361612928 0.000163907556138 0.000166452593169 0 0
"8495" 0.00779144473822 0.000163961305132 0.000168262772386 5.77144112313002 9.4090272828564
"8236" 0.009257587047877 0.000163961305132 0.000167026480953 5.44241771052179 9.4090272828564
"8705" 0.012404071789074 0.000163907556138 0.000165094006422 0 0
"7807" 0.011325575005013 0.000163907556138 0.000166561755515 0 0
"7927" 0.010230693758438 0.005218367284088 0.00016414954551 10.8977573257269 13.5275484463052
"9698" 0.007791524354261 0.000163961305132 0.000168262772386 5.77144112313002 9.4090272828564
"7765" 0.010472210872558 0.000163907556138 0.000165527556675 0 0
"7888" 0.009377257843846 0.000163907556138 0.00016423028791 0 0
"7915" 0.010942076949708 0.000164176592218 0.000166971741374 7.03085747611612 11.0173496364111
"7916" 0.010942076949708 0.000164176592218 0.000166971741374 7.03085747611612 11.0173496364111
"8135" 0.007132434100986 0.000164122710838 0.000166780291436 6.74405918631135 10.7943373919283
"8136" 0.007132434100986 0.000164122710838 0.000166780291436 6.74405918631135 10.7943373919283
"8323" 0.009286549422712 0.000163907556138 0.000165799097971 0 0
"8124" 0.006935222745712 0.000163907556138 0.000166889665002 0 0
"8463" 0.009641692575423 0.00016444635334 0.000164364946658 5.83188247728352 11.7089197886848
"8242" 0.011570012802883 0.000164122710838 0.000166425313585 6.61338421837956 10.7943373919283
"8243" 0.011570012802883 0.000164122710838 0.000166425313585 6.61338421837956 10.7943373919283
"8225" 0.007671363804996 0.000166743769715 0.000167849685928 9.62119095236068 13.3434055223099
"7885" 0.009742074582768 0.000164338404565 0.000164122640185 4.85981240436167 11.4864172050894
"7766" 0.014246710994958 0.000163907556138 0.00016577192403 0 0
"8584" 0.013525139020691 0.000164068882464 0.000165148138557 5.62401750618734 10.5069835111434
"8340" 0.013067750932952 0.000172654259788 0.000164985794994 9.42553239350277 14.400632564705
"7806" 0.010681740178052 0.000163907556138 0.000165256455669 0 0
"8717" 0.012883087041093 0.000164068882464 0.000165012841245 5.50938833662798 10.5069835111434
"8722" 0.012455639546043 0.000165424042839 0.000165094006422 7.80994708647679 12.7329290863687
"8506" 0.010981355099219 0.000163907556138 0.000165391951133 0 0
"8709" 0.011354456344907 0.000163907556138 0.000165310640645 0 0
"7987" 0.011187733841978 0.000164338324872 0.00016449971551 5.8664680569333 11.4861707276614
"7764" 0.012949243212261 0.000163907556138 0.000166179995383 0 0
"8150" 0.007274140906072 0.000163907556138 0.000166698307463 0 0
"8228" 0.011194016156085 0.000163907556138 0.00016650716554 0 0
"8229" 0.011194016156085 0.000163907556138 0.00016650716554 0 0
"8523" 0.008039877793858 0.000165096803563 0.000168152519297 8.83419131820207 12.4931595408992
"7970" 0.008872507879805 0.000163961305132 0.000167190805273 5.49306144334055 9.4090272828564
"7969" 0.008872507879805 0.000163961305132 0.000167190805273 5.49306144334055 9.4090272828564
"8721" 0.014246710994958 0.000163907556138 0.00016577192403 0 0
"7805" 0.011485444552604 0.000163907556138 0.000165283545955 0 0
"7784" 0.009555976088128 0.000163907556138 0.000164176455239 0 0
"8707" 0.0109221519146 0.000164176565706 0.000165419063435 6.3297209055227 11.0171526438305
"8585" 0.013525139020691 0.000164068882464 0.000165148138557 5.62401750618734 10.5069835111434
"7971" 0.009015893098112 0.000163907556138 0.000167136012904 0 0
"8149" 0.00776456811181 0.000163907556138 0.000166452593169 0 0
"8714" 0.012656678265164 0.000163907556138 0.000164958753145 0 0
"7989" 0.010731539113821 0.000163907556138 0.000164445794757 0 0
"7991" 0.010731539113821 0.000163907556138 0.000164445794757 0 0
"8713" 0.012656678265164 0.000163907556138 0.000164958753145 0 0
"8079" 0.007432516406366 0.000163907556138 0.000166616363093 0 0
"8571" 0.012550691419648 0.000163907556138 0.000164796594535 0 0
"8291" 0.007407641285578 0.000163961305132 0.000166616363093 5.30330490805908 9.4090272828564
"9697" 0.007914553956498 0.000164500518446 0.000168207637051 8.15392513200786 11.8043555050085
"7743" 0.010358558971616 0.000164068882464 0.000165337739738 5.76519110278484 10.5069835111434
"7968" 0.006215521686057 0.000164122710838 0.000169369169258 7.37838371299671 10.7943373919283
"8112" 0.007274210300997 0.000164015080568 0.000166698307463 6.02344759296103 10.1018464870277
"8461" 0.009641692575423 0.00016444635334 0.000164364946658 5.83188247728352 11.7089197886848
"7809" 0.006293123369978 0.000167243363824 0.000169313682547 10.0923294721533 13.5000296536142
"8239" 0.008053613299816 0.000163961305132 0.000167657250751 5.62401750618734 9.4090272828564
"8570" 0.011871076220094 0.000163907556138 0.000165202288306 0 0
"8711" 0.011740003194821 0.000163907556138 0.000164742576895 0 0
"8114" 0.007547786147709 0.000164500465213 0.000166561755515 7.67647364638916 11.8039070879133
"8385" 0.010124380504095 0.000164015080568 0.00016423028791 3.89182029811063 10.1018464870277
"8106" 0.009244819491111 0.000163961305132 0.00016588064621 4.99043258677874 9.4090272828564
"7643" 0.012869144012051 0.000163907556138 0.000166179995383 0 0
"8441" 0.010830677449997 0.000164122710838 0.000164634594462 5.37989735354046 10.7943373919283
"8399" 0.009285065200946 0.000164122710838 0.000164472752931 5.12989871492307 10.7943373919283
"7988" 0.010731539113821 0.000163907556138 0.000164445794757 0 0
"8113" 0.007604761827586 0.000164554506171 0.000166534458327 7.75319426988434 11.8903202624833
"8587" 0.012185767024116 0.002237500806968 0.000164607609864 11.9122718920702 14.5595304944979
"8373" 0.01161816242572 0.000164284416939 0.000165256455669 6.55250788703459 11.3532026227745
"7804" 0.01175407394276 0.00016515178261 0.000165229369786 7.72090525193678 12.5387878332737
"8439" 0.010490256099826 0.000163907556138 0.000164715574681 0 0
"8440" 0.010490256099826 0.000163907556138 0.000164715574681 0 0
"8528" 0.012176523662379 0.000165369608666 0.000165148138557 7.81802793853073 12.6963016068375
"8402" 0.009648860564474 0.000163907556138 0.000164095739265 0 0
"8125" 0.00734055354994 0.000165206234526 0.000166670988272 8.49637805170232 12.5813259382301
"8715" 0.010050052556832 0.000164338378001 0.000165419063435 6.7990558620588 11.4864172050894
"8516" 0.009371610472852 0.000163961305132 0.000164445794757 3.71357206670431 9.4090272828564
"8517" 0.009371610472852 0.000163961305132 0.000164445794757 3.71357206670431 9.4090272828564
"8107" 0.009160149445586 0.000163907556138 0.000165907837761 0 0
"8438" 0.010601302396068 0.000163907556138 0.000164688576871 0 0
