"Anguilla_a" "Carassius" "Gasteroste" "Lepomis_gi" "Babka_gymn" "Ponticola" "Neogobius" "Oncorhyn_1" "Pseudorasb" "Salvelinus"
"8123" 0 0 0 0 0 0 0 1 0 1
"8582" 0 0 0 0 0 0 0 1 1 0
"8384" 0 0 0 0 0 0 0 0 0 0
"8379" 0 0 0 0 0 0 0 0 0 0
"8473" 0 0 0 0 0 0 0 1 0 0
"7780" 0 0 0 0 0 1 1 1 1 0
"8045" 0 0 0 0 0 0 0 0 0 0
"8666" 0 0 0 0 0 0 0 1 0 1
"7982" 0 0 0 0 0 0 0 0 0 0
"8679" 0 0 0 0 0 0 0 1 1 0
"7962" 0 0 0 0 0 0 0 0 0 0
"8650" 0 0 0 0 0 0 0 0 0 0
"8231" 0 0 0 0 0 0 0 0 0 0
"8232" 0 0 0 0 0 0 0 1 0 0
"8240" 0 0 0 0 0 0 0 0 0 0
"7748" 0 0 0 0 0 0 0 0 0 0
"7811" 0 0 0 0 0 0 0 1 0 0
"8218" 0 0 0 0 0 0 0 1 0 0
"8526" 0 0 0 0 0 0 0 0 0 0
"8479" 0 0 0 0 0 0 0 1 0 0
"8003" 0 0 0 0 0 0 0 1 0 0
"8442" 0 0 0 0 0 0 0 0 0 0
"7923" 0 0 1 0 0 0 1 0 0 0
"7865" 0 0 1 0 0 0 0 0 0 0
"8583" 0 0 0 0 0 0 0 1 1 0
"8042" 0 0 0 0 0 0 0 0 0 0
"7745" 0 0 0 0 0 0 0 1 0 0
"8022" 0 0 0 0 0 0 0 0 0 0
"7622" 0 0 0 0 0 0 0 1 0 0
"8527" 0 0 0 0 0 0 0 1 0 0
"8481" 0 0 0 0 0 0 0 1 0 0
"8216" 0 0 0 0 0 0 0 0 0 1
"8669" 0 0 0 0 0 0 0 0 0 0
"8376" 0 0 0 0 0 0 0 0 0 0
"8665" 0 0 0 0 0 0 0 0 0 1
"8680" 0 0 0 0 0 0 0 0 0 0
"7903" 0 0 0 0 0 0 0 0 0 0
"8694" 0 0 0 0 0 0 0 0 0 0
"8677" 0 0 0 0 0 0 0 0 0 0
"7905" 0 0 0 0 0 0 0 1 0 0
"8380" 0 0 0 0 0 0 0 1 0 0
"7866" 0 0 0 0 0 0 0 0 0 0
"7867" 0 0 0 0 0 0 0 0 0 0
"8026" 0 0 0 0 0 0 0 1 0 0
"8063" 0 0 0 0 0 0 0 0 0 0
"8447" 0 0 0 0 0 0 0 0 0 0
"7961" 0 0 0 0 0 0 0 1 0 0
"7658" 0 0 0 0 0 0 0 0 0 0
"8338" 0 0 0 0 0 0 0 1 0 0
"8670" 0 0 0 0 0 0 0 0 0 0
"8027" 0 0 0 0 0 0 0 0 0 0
"7992" 0 0 0 0 0 0 0 0 1 0
"7993" 0 0 0 0 0 0 0 0 0 0
"8377" 0 0 0 0 0 0 0 0 0 0
"8293" 0 0 0 0 0 0 0 0 0 0
"8294" 0 0 0 0 0 0 0 0 0 0
"9696" 0 0 0 0 0 0 0 1 0 0
"7660" 0 0 1 0 0 0 1 0 1 0
"7963" 0 0 0 0 0 0 0 1 0 0
"7964" 0 0 0 0 0 0 0 0 0 0
"8446" 0 0 0 0 0 0 0 0 0 0
"8146" 0 0 0 0 0 0 0 0 0 0
"8147" 0 0 0 0 0 0 0 0 0 0
"8430" 0 0 0 0 0 0 0 0 0 0
"7778" 0 0 0 0 0 0 0 0 0 0
"8374" 0 0 0 0 0 0 0 1 0 0
"8672" 0 0 0 0 0 0 0 0 0 0
"8040" 0 0 0 0 0 0 0 0 0 0
"7753" 0 0 0 0 0 0 0 0 0 0
"7869" 0 0 0 0 0 0 0 0 1 0
"8514" 0 0 1 0 0 0 0 1 0 0
"8556" 0 0 0 0 0 0 0 1 0 0
"8521" 0 0 0 0 0 0 0 0 0 0
"8558" 0 0 0 0 0 0 0 0 0 0
"8671" 0 0 0 0 0 0 0 1 0 0
"7981" 0 0 0 0 0 0 0 0 0 0
"8241" 0 0 0 0 0 0 0 0 0 1
"8525" 0 0 0 0 0 0 0 0 0 1
"8428" 0 0 0 0 0 0 0 1 0 0
"7864" 0 0 1 0 0 0 0 0 0 0
"7406" 0 1 1 0 1 0 0 0 1 0
"7959" 0 0 0 0 0 0 0 1 0 0
"8341" 0 0 0 0 0 0 0 0 1 0
"7958" 0 0 0 0 0 0 0 0 0 0
"8378" 0 0 0 0 0 0 0 0 0 0
"8559" 0 0 0 0 0 0 0 1 0 0
"7972" 0 0 0 0 0 0 0 1 0 1
"8375" 0 0 0 0 0 0 0 0 0 0
"7781" 0 0 0 0 0 0 0 0 0 0
"7746" 0 0 0 0 0 0 0 0 0 0
"8217" 0 0 0 0 0 0 0 0 0 1
"8649" 0 0 0 0 0 0 0 1 0 0
"8372" 0 0 0 0 0 0 0 1 0 0
"9873" 0 0 0 0 0 0 0 0 0 0
"9874" 0 0 0 0 0 0 0 0 0 0
"8687" 0 0 0 0 0 0 0 1 0 0
"8455" 0 0 0 0 0 0 0 1 0 0
"8456" 0 0 0 0 0 0 0 1 0 0
"8433" 0 0 0 0 0 0 0 1 0 0
"8434" 0 0 0 0 0 0 0 1 0 0
"7875" 0 0 0 0 0 0 0 0 0 0
"7876" 0 0 0 0 0 0 0 0 0 0
"7639" 0 0 0 0 0 0 0 1 0 0
"7758" 0 0 0 0 0 0 0 0 0 0
"7762" 0 0 0 0 0 0 0 0 0 0
"7878" 0 0 0 0 0 0 0 0 0 0
"7879" 0 0 0 0 0 0 0 0 0 0
"8085" 0 0 0 0 0 0 0 0 0 0
"8086" 0 0 0 0 0 0 0 0 0 0
"8221" 0 0 0 0 0 0 0 0 0 0
"7925" 0 0 1 0 0 1 1 0 0 0
"8683" 0 0 0 0 0 0 0 1 0 0
"8339" 0 0 0 0 0 0 0 1 0 0
"8704" 0 0 0 0 0 0 0 0 0 0
"8244" 0 0 0 0 0 0 0 1 0 0
"8451" 0 0 0 0 0 0 0 0 0 0
"8390" 0 0 0 0 0 0 0 1 0 0
"8092" 0 0 0 0 0 0 0 1 0 0
"8690" 0 0 0 0 0 0 0 0 0 0
"7911" 0 0 0 0 0 0 0 0 0 0
"8453" 0 0 0 0 0 0 0 0 0 0
"7953" 0 0 0 0 0 0 0 1 0 0
"8686" 0 0 0 0 0 0 0 0 0 0
"8689" 0 0 0 0 0 0 0 1 0 0
"8563" 0 0 0 0 0 0 0 1 0 0
"8457" 0 0 0 0 0 0 0 1 0 0
"8382" 0 0 0 0 0 0 0 1 0 0
"8383" 0 0 0 0 0 0 0 0 0 0
"8083" 0 0 0 0 0 0 0 0 0 0
"8543" 0 0 0 0 0 0 0 0 0 0
"8702" 0 0 0 0 0 0 0 0 0 1
"7924" 0 0 1 0 0 0 0 0 0 0
"7663" 0 0 0 0 0 0 0 0 1 1
"8471" 0 0 0 0 0 0 0 0 1 0
"8695" 0 0 0 0 0 0 0 0 0 0
"8693" 0 0 0 0 0 0 0 0 0 0
"8508" 0 0 0 0 0 0 0 1 0 0
"8507" 0 0 0 0 0 0 0 1 0 0
"7907" 0 0 0 0 0 0 0 1 0 1
"8540" 0 0 0 0 0 0 0 0 0 0
"8656" 0 0 0 0 0 0 0 0 1 0
"8099" 0 0 0 0 0 0 0 0 0 0
"8254" 0 0 0 0 0 0 0 0 0 0
"7776" 1 0 0 0 0 0 0 1 0 0
"7936" 0 0 0 0 0 0 0 1 0 0
"7965" 0 0 0 0 0 0 0 0 0 0
"7858" 0 0 0 0 0 0 0 0 0 0
"8565" 0 0 0 0 0 0 0 0 0 0
"8700" 0 0 0 0 0 0 0 0 0 0
"8222" 0 0 0 0 0 0 0 0 1 0
"8684" 0 0 0 0 0 0 0 0 0 0
"8317" 0 0 0 0 0 0 0 0 0 0
"8056" 0 0 0 0 0 0 0 0 0 0
"8057" 0 0 0 0 0 0 0 0 0 0
"8564" 0 0 0 0 0 0 0 0 0 0
"8391" 0 0 0 0 0 0 0 0 0 0
"8435" 0 0 0 0 0 0 0 1 0 1
"8436" 0 0 0 0 0 0 0 0 0 0
"8255" 0 0 0 0 0 0 0 0 0 0
"8655" 0 0 0 0 0 0 0 1 0 0
"8224" 0 0 0 0 0 0 0 0 1 0
"8574" 0 0 0 0 0 0 0 0 0 0
"8387" 0 0 0 0 0 0 0 1 0 0
"8691" 0 0 0 0 0 0 0 1 0 0
"8388" 0 0 0 0 0 0 0 0 0 0
"8245" 0 0 0 0 0 0 0 1 0 1
"8431" 0 0 0 0 0 0 0 0 0 0
"8572" 0 0 0 0 0 0 0 1 0 0
"8389" 0 0 0 0 0 0 0 0 1 0
"8394" 0 0 1 0 0 0 0 0 1 0
"7910" 0 0 0 0 0 0 0 0 0 0
"7783" 0 0 0 0 0 0 0 0 1 0
"7871" 0 0 0 0 0 0 0 0 0 0
"8397" 0 0 0 0 0 0 0 0 0 0
"7661" 0 0 0 0 0 0 0 0 0 0
"8542" 0 0 0 0 0 0 0 0 0 1
"8533" 0 0 0 0 0 0 0 0 0 0
"8510" 0 0 0 0 0 0 0 1 0 0
"7872" 0 0 0 0 0 0 0 0 0 0
"7985" 0 0 0 1 0 0 0 1 1 0
"8701" 0 0 0 0 0 0 0 1 0 0
"7877" 0 0 1 0 0 0 0 0 0 0
"8449" 0 0 1 0 0 0 0 1 0 0
"8575" 0 0 0 0 0 0 0 0 0 1
"7908" 0 0 0 0 0 0 0 1 0 1
"7909" 0 0 0 0 0 0 0 1 0 1
"7803" 0 0 0 0 0 0 0 0 0 0
"7884" 0 0 1 0 0 0 0 0 0 0
"8381" 0 0 0 0 0 0 0 1 0 0
"7881" 0 0 0 0 0 0 0 0 0 0
"8696" 0 0 0 0 0 0 0 0 0 0
"8220" 0 0 0 0 0 0 0 0 0 0
"8685" 0 0 0 0 0 0 0 0 0 0
"8464" 0 0 0 0 0 0 0 0 0 0
"8465" 0 0 0 0 0 0 0 0 0 0
"7859" 0 0 0 0 0 0 0 0 1 0
"7926" 0 0 0 0 0 1 1 0 0 0
"8524" 0 0 0 0 0 0 0 0 0 0
"8462" 0 0 1 0 0 0 0 0 0 0
"8716" 0 0 0 0 0 0 0 0 0 0
"8133" 0 0 0 0 0 0 0 0 0 0
"8134" 0 0 0 0 0 0 0 0 0 0
"8234" 0 0 0 0 0 0 0 0 0 1
"7744" 0 0 0 0 0 0 0 1 0 0
"8706" 0 0 0 0 0 0 0 0 0 0
"8869" 0 0 0 0 0 0 0 0 0 0
"7889" 0 0 0 0 0 0 0 0 0 0
"7810" 0 0 0 0 0 0 0 1 0 0
"8586" 0 0 0 0 0 0 0 0 0 0
"8238" 0 0 0 0 0 0 0 0 0 0
"8237" 0 0 0 0 0 0 0 0 0 0
"8720" 0 0 0 0 0 0 0 0 0 0
"8719" 0 0 0 0 0 0 0 0 0 1
"8712" 0 0 0 0 0 0 0 0 1 0
"8235" 0 0 0 0 0 0 0 0 0 0
"8495" 0 0 0 0 0 0 0 0 0 0
"8236" 0 0 0 0 0 0 0 1 0 1
"8705" 0 0 0 0 0 0 0 0 0 0
"7807" 0 0 0 0 0 0 0 1 0 0
"7927" 0 0 1 0 0 1 0 0 0 0
"9698" 0 0 0 0 0 0 0 0 0 0
"7765" 0 0 0 0 0 0 0 1 0 0
"7888" 0 0 0 0 0 0 0 0 1 0
"7915" 0 0 0 0 0 0 0 0 0 0
"7916" 0 0 0 0 0 0 0 0 0 0
"8135" 0 0 0 0 0 0 0 0 0 0
"8136" 0 0 0 0 0 0 0 0 0 1
"8323" 0 0 0 0 0 0 0 0 0 0
"8124" 0 0 0 0 0 0 0 0 0 0
"8463" 0 0 0 0 0 0 0 0 0 0
"8242" 0 0 0 0 0 0 0 1 0 0
"8243" 0 0 0 0 0 0 0 0 0 0
"8225" 0 0 0 0 0 0 0 0 0 0
"7885" 0 0 1 0 0 0 0 0 0 0
"7766" 0 0 0 0 0 0 0 0 0 0
"8584" 0 0 0 0 0 0 0 0 1 0
"8340" 0 0 1 0 0 0 0 1 0 0
"7806" 0 0 0 0 0 0 0 0 0 0
"8717" 0 0 0 0 0 0 0 0 0 0
"8722" 0 0 0 0 0 0 0 0 0 0
"8506" 0 0 0 0 0 0 0 0 0 0
"8709" 0 0 0 0 0 0 0 0 0 0
"7987" 0 0 0 0 0 0 0 0 0 0
"7764" 0 0 0 0 0 0 0 0 0 0
"8150" 0 0 0 0 0 0 0 0 0 0
"8228" 0 0 0 0 0 0 0 1 0 0
"8229" 0 0 0 0 0 0 0 0 0 0
"8523" 0 0 0 0 0 0 0 1 0 1
"7970" 0 0 0 0 0 0 0 0 0 0
"7969" 0 0 0 0 0 0 0 0 0 0
"8721" 0 0 0 0 0 0 0 1 0 0
"7805" 0 0 0 0 0 0 0 1 0 0
"7784" 0 0 0 0 0 0 0 0 0 0
"8707" 0 0 0 0 0 0 0 0 0 0
"8585" 0 0 0 0 0 0 0 0 1 0
"7971" 0 0 0 0 0 0 0 1 0 0
"8149" 0 0 0 0 0 0 0 0 0 0
"8714" 0 0 0 0 0 0 0 0 0 0
"7989" 0 0 0 0 0 0 0 0 0 0
"7991" 0 0 0 0 0 0 0 0 0 0
"8713" 0 0 0 0 0 0 0 0 0 0
"8079" 0 0 0 0 0 0 0 0 0 1
"8571" 0 0 0 0 0 0 0 0 1 0
"8291" 0 0 0 0 0 0 0 0 0 1
"9697" 0 0 0 0 0 0 0 1 0 0
"7743" 0 0 0 0 0 0 0 1 0 0
"7968" 0 0 0 0 0 0 0 0 0 0
"8112" 0 0 0 0 0 0 0 0 0 0
"8461" 0 0 0 0 0 0 0 0 0 0
"7809" 0 0 0 0 0 0 0 1 0 0
"8239" 0 0 0 0 0 0 0 0 0 0
"8570" 0 0 0 0 0 0 0 1 0 0
"8711" 0 0 0 0 0 0 0 0 0 0
"8114" 0 0 0 0 0 0 0 0 0 0
"8385" 0 0 0 0 0 0 0 0 0 0
"8106" 0 0 0 0 0 0 0 0 0 1
"7643" 1 0 0 0 0 0 0 1 0 0
"8441" 0 0 0 0 0 0 0 1 1 0
"8399" 0 0 0 0 0 0 0 0 0 0
"7988" 0 0 0 0 0 0 0 0 0 0
"8113" 0 0 0 0 0 0 0 1 0 0
"8587" 0 0 1 0 1 1 1 0 1 0
"8373" 0 0 0 0 0 0 0 1 0 1
"7804" 0 0 0 1 0 0 0 1 0 0
"8439" 0 0 0 0 0 0 0 0 0 0
"8440" 0 0 0 0 0 0 0 1 0 0
"8528" 0 0 0 0 0 0 0 1 0 0
"8402" 0 0 0 0 0 0 0 0 0 0
"8125" 0 0 0 0 0 0 0 1 0 1
"8715" 0 0 0 0 0 0 0 1 0 0
"8516" 0 0 0 0 0 0 0 0 1 0
"8517" 0 0 0 0 0 0 0 0 0 0
"8107" 0 0 0 0 0 0 0 0 0 0
"8438" 0 0 0 0 0 0 0 0 0 0
