"slope" "geology" "order" "elev" "t_Jan" "t_Jul" "width" "AGR" "FR" "UR"
"8123" 31 "silikat" 3 1117 -3.849 13.657 1.6094379124341 0.276729559748428 0.723270440251572 0
"8582" 10 "silikat" 3 288 -2.385 17.857 1.6094379124341 0.90625 0.09375 0
"8384" 8 "kalk" 2 416 -3.365 14.425 2.07944154167984 0 0.8 0.2
"8379" 14 "kalk" 2 410 -2.698 16.718 1.79175946922805 0.00626959247648903 0.836990595611285 0.156739811912226
"8473" 0.9 "silikat" 6 510 -2.692 17.114 4.79579054559674 0.684375 0.315625 0
"7780" 2.1 "kalk" 8 249 -1.76 18.4 4.34380542185368 0.484276729559748 0.462264150943396 0.0534591194968553
"8045" 18 "kalk" 2 672 -3.866 16.202 1.16315080980568 0.528125 0.3375 0.134375
"8666" 90 "kalk" 2 947 -3.191 15.235 1.6094379124341 0.182389937106918 0.817610062893082 0
"7982" 3 "kalk" 4 233 -1.68 18.5 1.25276296849537 0.605678233438486 0.239747634069401 0.154574132492114
"8679" 1 "kalk" 2 356 -2.388 17.797 1.25276296849537 0.806853582554517 0.109034267912773 0.0841121495327103
"7962" 12.9 "kalk" 4 745 -3.461 16.915 1.94591014905531 0.242990654205607 0.426791277258567 0.330218068535826
"8650" 6 "kalk" 2 422 -2.217 17.57 1.09861228866811 0.833333333333333 0.166666666666667 0
"8231" 7 "kalk" 3 705 -2.8 15.5 2.28238238567653 0.386792452830189 0.528301886792453 0.0849056603773585
"8232" 3 "kalk" 3 700 -2.6 15.7 2.16332302566054 0.365625 0.628125 0.00625
"8240" 2 "kalk" 2 755 -4.1 15.4 1.02961941718116 0.834375 0.003125 0.1625
"7748" 14 "kalk" 3 550 -2.2 16.8 1.98787434815435 0.440625 0.290625 0.26875
"7811" 2.5 "kalk" 5 582 -4.1 15.8 3.60821155104648 0.281733746130031 0.634674922600619 0.0835913312693498
"8218" 236 "kalk" 3 990 -4 14.3 2.02814824729229 0.216300940438871 0.714733542319749 0.0689655172413793
"8526" 17 "kalk" 2 550 -2.7 16.717 1.09861228866811 0.359621451104101 0.205047318611987 0.435331230283912
"8479" 1.11 "silikat" 6 515 -2.498 17.312 4.39444915467244 0.584905660377358 0.245283018867925 0.169811320754717
"8003" 0.6 "kalk" 6 622 -3.64 16.461 3.85014760171006 0.631578947368421 0.247678018575851 0.120743034055728
"8442" 5 "silikat" 2 659 -3.898 15.124 1.6094379124341 0.585669781931464 0.392523364485981 0.0218068535825545
"7923" 1.2 "kalk" 3 150 -1.184 19.85 3.25809653802148 0.158227848101266 0.401898734177215 0.439873417721519
"7865" 1 "kalk" 4 168 0.943 19.146 1.94591014905531 0.245283018867925 0.50314465408805 0.251572327044025
"8583" 7 "silikat" 3 294 -2.385 17.857 1.38629436111989 0.897196261682243 0.102803738317757 0
"8042" 42 "kalk" 3 712 -4.125 15.548 1.6094379124341 0.271875 0.603125 0.125
"7745" 40 "silikat" 3 853 -4 15.2 2.09186406167839 0.528125 0.08125 0.390625
"8022" 18 "kalk" 4 766 -3.664 14.464 2.07944154167984 0.350931677018634 0.649068322981366 0
"7622" 24 "kalk" 4 926 -3.686 15.292 2.56494935746154 0.18125 0.81875 0
"8527" 1.7 "silikat" 6 630 -2 17 4.26267987704132 0.65 0.178125 0.171875
"8481" 1.27 "silikat" 6 582 -3.696 16.684 4.39444915467244 0.432601880877743 0.554858934169279 0.0125391849529781
"8216" 17.13 "kalk" 2 735 -4.4 15.8 1.46787434811231 0.652037617554859 0.163009404388715 0.184952978056426
"8669" 14 "kalk" 3 681 -2.92 15.362 2.07944154167984 0.309375 0.60625 0.084375
"8376" 5 "kalk" 2 310 -2.883 17.5 1.6094379124341 1 0 0
"8665" 23 "silikat" 2 562 -3.483 16.444 1.09861228866811 0.781645569620253 0.0379746835443038 0.180379746835443
"8680" 74 "kalk" 2 587 -2.856 15.49 2.19722457733622 0 1 0
"7903" 11.6 "kalk" 4 607 -3.278 16.137 2.43361335540045 0.461059190031153 0.355140186915888 0.183800623052959
"8694" 42 "kalk" 3 545 -2.41 16.13 2.39789527279837 0 1 0
"8677" 10 "silikat" 2 647 -3.177 16.075 1.79175946922805 0.716510903426791 0.137071651090343 0.146417445482866
"7905" 64.1 "kalk" 4 690 -3.64 15.643 2.01490302054226 0.30503144654088 0.694968553459119 0
"8380" 12 "kalk" 3 387 -2.298 17.27 2.39789527279837 0.0470219435736677 0.658307210031348 0.294670846394984
"7866" 1 "kalk" 8 170 -0.889 19.198 1.38629436111989 0.238244514106583 0.570532915360502 0.191222570532915
"7867" 19 "kalk" 4 179 -0.963 19.105 0.916290731874155 0.240625 0.140625 0.61875
"8026" 6 "silikat" 4 647 -3.448 16.567 2.39789527279837 0.570093457943925 0.0124610591900312 0.417445482866044
"8063" 16 "silikat" 4 1018 -3.668 14.305 2.30258509299405 0.439252336448598 0.560747663551402 0
"8447" 10 "kalk" 2 217 -1.797 18.778 1.38629436111989 0.673913043478261 0.0031055900621118 0.322981366459627
"7961" 12.8 "kalk" 4 725 -3.438 16.914 2.07944154167984 0.288819875776398 0.254658385093168 0.456521739130435
"7658" 17 "silikat" 3 455 -2.8 17.2 2.34851402488245 0.46583850931677 0.322981366459627 0.211180124223602
"8338" 7 "kalk" 3 470 -1.9 17.4 2.87919845729804 0.328125 0.528125 0.14375
"8670" 42 "silikat" 2 368 -2.718 17.401 1.6094379124341 0.905660377358491 0.0943396226415094 0
"8027" 27 "silikat" 4 920 -3.544 14.824 2.56494935746154 0.193146417445483 0.806853582554517 0
"7992" 3 "kalk" 2 186 -1.3 19.2 1.94591014905531 0.811320754716981 0.0283018867924528 0.160377358490566
"7993" 5 "kalk" 2 194 -1.4 19.1 0.916290731874155 0.357142857142857 0.313664596273292 0.329192546583851
"8377" 7 "kalk" 2 325 -1.877 17.598 1.70474809223843 0.896875 0.03125 0.071875
"8293" 14 "kalk" 4 673 -3.862 14.672 2.07944154167984 0.0877742946708464 0.614420062695925 0.297805642633229
"8294" 18 "kalk" 4 655 -3.751 14.79 2.07944154167984 0.11875 0.578125 0.303125
"9696" 4.3 "kalk" 3 772 -3.976 14.899 1.82454929205105 0.292452830188679 0.525157232704403 0.182389937106918
"7660" 1 "kalk" 4 262 -2.2 18.1 2.54160199346455 0.652037617554859 0.278996865203762 0.0689655172413793
"7963" 29 "kalk" 4 1085 -4.271 14.399 2.19722457733622 0.337539432176656 0.561514195583596 0.100946372239748
"7964" 44 "kalk" 3 1112 -4.28 14.266 2.14006616349627 0.475155279503106 0.416149068322981 0.108695652173913
"8446" 12 "silikat" 3 799 -3.993 14.558 1.50407739677627 0.396875 0.534375 0.06875
"8146" 25 "kalk" 3 524 -3.048 15.581 2.19722457733622 0.127329192546584 0.81055900621118 0.062111801242236
"8147" 18 "kalk" 3 502 -2.828 15.824 2.39789527279837 0.240625 0.596875 0.1625
"8430" 34 "silikat" 2 369 -2.452 18.038 1.25276296849537 0.155763239875389 0.838006230529595 0.00623052959501558
"7778" 6.4 "kalk" 2 542 -2.4 16.8 1.48160454092422 0.537735849056604 0 0.462264150943396
"8374" 71 "kalk" 2 569 -4.071 15.074 1.79175946922805 0.093167701863354 0.906832298136646 0
"8672" 60 "kalk" 2 728 -3.274 15.109 1.6094379124341 0.00625 0.99375 0
"8040" 20 "kalk" 3 499 -3.121 15.301 2.39789527279837 0.246105919003115 0.570093457943925 0.183800623052959
"7753" 221 "silikat" 4 884 -4.4 14.3 1.7227665977411 0.282608695652174 0.717391304347826 0
"7869" 3 "kalk" 2 195 -1.74 18.845 0.916290731874155 0.875 0 0.125
"8514" 1.6 "kalk" 3 166 -1.155 19.905 2.63905732961526 0.618012422360248 0.232919254658385 0.149068322981366
"8556" 4 "kalk" 6 334 -2.619 17.798 1.79175946922805 0.718266253869969 0.120743034055728 0.160990712074303
"8521" 22 "kalk" 2 517 -2.698 17.112 1.09861228866811 0.430817610062893 0.207547169811321 0.361635220125786
"8558" 3 "silikat" 3 433 -2.286 17.25 2.07944154167984 0.6375 0.3625 0
"8671" 9 "kalk" 3 446 -1.882 17.39 2.19722457733622 0.606918238993711 0.172955974842767 0.220125786163522
"7981" 8 "kalk" 2 246 -1.8 18.3 0.993251773010283 0.542056074766355 0.0342679127725857 0.423676012461059
"8241" 2.5 "kalk" 5 757 -3.9 15.4 1.33500106673234 0.700934579439252 0.29595015576324 0.00311526479750779
"8525" 11 "kalk" 2 511 -2.569 16.672 1.38629436111989 0.566037735849057 0 0.433962264150943
"8428" 1.14 "silikat" 6 540 -1.789 17.009 4.51085950651685 0.752351097178683 0.247648902821317 0
"7864" 1 "kalk" 4 167 0.952 19.35 1.25276296849537 0.763239875389408 0 0.236760124610592
"7406" 0.4 "kalk" 8 231 -2.2 18.42 2.83321334405622 0.485804416403785 0.514195583596215 0
"7959" 3 "kalk" 2 605 -2.953 16.704 1.50407739677627 0.588785046728972 0.155763239875389 0.255451713395639
"8341" 9 "kalk" 4 277 -2.351 18.007 0.916290731874155 0.84012539184953 0 0.15987460815047
"7958" 18.3 "kalk" 3 960 -3.178 14.475 2.39789527279837 0.350931677018634 0.425465838509317 0.22360248447205
"8378" 24 "kalk" 2 443 -2.43 18.53 1.79175946922805 0.172413793103448 0.492163009404389 0.335423197492163
"8559" 24 "kalk" 3 665 -2.913 16.058 3.25809653802148 0 1 0
"7972" 3.8 "silikat" 4 1180 -3.302 14.83 1.94591014905531 0.520249221183801 0.479750778816199 0
"8375" 3 "kalk" 3 308 -1.661 18.242 1.94591014905531 0.94006309148265 0.0599369085173502 0
"7781" 9 "kalk" 2 516 -1.9 17.2 1.19392246847243 0.715625 0.128125 0.15625
"7746" 10 "kalk" 2 520 -1.9 17.2 1.54756250871601 0.6875 0.15 0.1625
"8217" 17 "kalk" 2 742 -4.4 15.7 1.16315080980568 0.498422712933754 0.318611987381703 0.182965299684543
"8649" 30 "kalk" 2 470 -2.364 16.349 1.6094379124341 0.365625 0.634375 0
"8372" 3 "kalk" 2 446 -2.639 17.402 1.94591014905531 0.658307210031348 0.310344827586207 0.0313479623824451
"9873" 20 "kalk" 4 908 -4.216 13.591 2.91235066461494 0 1 0
"9874" 20 "kalk" 4 889 -4.216 13.591 2.60268968544438 0 1 0
"8687" 5 "kalk" 2 328 -1.978 18.101 2.56494935746154 0.852664576802508 0 0.147335423197492
"8455" 19 "kalk" 2 632 -3.365 14.425 1.09861228866811 0 1 0
"8456" 109 "kalk" 2 453 -2.612 15.996 1.79175946922805 0.261829652996845 0.738170347003155 0
"8433" 25 "kalk" 2 462 -2.896 15.922 1.6094379124341 0.331269349845201 0.668730650154799 0
"8434" 20 "kalk" 2 421 -2.454 16.581 1.79175946922805 0.525157232704403 0.474842767295597 0
"7875" 2 "kalk" 3 201 -1.15 18.95 1.79175946922805 0.620253164556962 0.0822784810126582 0.29746835443038
"7876" 4 "kalk" 3 185 -1.07 19.07 1.6094379124341 0.84472049689441 0.031055900621118 0.124223602484472
"7639" 181 "silikat" 2 1007 -4.1 14.1 1.85629799036563 0.35 0.646875 0.003125
"7758" 2 "kalk" 2 504 -1.7 17.4 1.45861502269952 0.468354430379747 0.104430379746835 0.427215189873418
"7762" 1 "kalk" 2 504 -1.7 17.4 1.66770682055808 0.459627329192547 0.118012422360248 0.422360248447205
"7878" 19 "kalk" 2 367 -3.141 17.346 1.50407739677627 0 0.993769470404984 0.00623052959501558
"7879" 11 "kalk" 2 313 -2.531 18.27 1.38629436111989 0.657232704402516 0.0943396226415094 0.248427672955975
"8085" 126 "silikat" 2 1182 -3.362 13.526 2.39789527279837 0 0.853582554517134 0.146417445482866
"8086" 100 "silikat" 2 1177 -3.355 13.546 1.94591014905531 0 0.874608150470219 0.125391849529781
"8221" 2.5 "kalk" 3 751 -4.4 15.7 1.16315080980568 0.7625 0.121875 0.115625
"7925" 0.7 "silikat" 8 183 -1.389 19.158 3.25809653802148 0 1 0
"8683" 58 "silikat" 2 359 -2.623 17.717 1.38629436111989 0.732919254658385 0.267080745341615 0
"8339" 42.9 "kalk" 2 440 -2.469 16.262 1.6094379124341 0.571875 0.396875 0.03125
"8704" 8 "silikat" 2 577 -3.126 16.458 1.09861228866811 0.780564263322884 0.166144200626959 0.0532915360501567
"8244" 29.8 "kalk" 4 820 -4.5 15.1 2.51769647261099 0.175548589341693 0.711598746081505 0.112852664576803
"8451" 16 "silikat" 2 634 -3.902 15.085 1.09861228866811 0.588785046728972 0.411214953271028 0
"8390" 3 "kalk" 3 223 -3.54 16.72 2.4423470353692 0.744548286604361 0.0903426791277259 0.165109034267913
"8092" 1.5 "silikat" 2 631 -3.866 16.492 2.7408400239252 0.261682242990654 0.613707165109034 0.124610591900312
"8690" 26 "kalk" 3 573 -3.088 15.242 2.19722457733622 0 1 0
"7911" 57.1 "silikat" 3 1065 -3.86 13.735 2.22462355152433 0.2125 0.7875 0
"8453" 13 "kalk" 2 234 -1.842 18.649 1.38629436111989 0.770897832817337 0.0681114551083591 0.160990712074303
"7953" 4 "kalk" 5 469 -3.2 16.7 3.44998754583159 0.586206896551724 0.100313479623824 0.313479623824451
"8686" 46 "silikat" 2 289 -2.161 18.071 1.6094379124341 0.303125 0.425 0.271875
"8689" 10.4 "kalk" 3 387 -2.217 17.149 2.77258872223978 0.421875 0.171875 0.40625
"8563" 6 "silikat" 3 398 -2.484 17.467 0.916290731874155 0.821316614420063 0 0.178683385579937
"8457" 12 "kalk" 2 525 -2.649 15.728 1.94591014905531 0.188854489164087 0.811145510835913 0
"8382" 6 "kalk" 2 792 -3.378 15.945 1.94591014905531 0.358255451713396 0.498442367601246 0.143302180685358
"8383" 8 "kalk" 2 798 -3.317 14.648 1.94591014905531 0.385579937304075 0.479623824451411 0.134796238244514
"8083" 16 "kalk" 3 522 -3.202 15.246 2.39789527279837 0.153125 0.846875 0
"8543" 20 "silikat" 2 499 -3.123 17.032 1.38629436111989 0.599378881987578 0.400621118012422 0
"8702" 66 "kalk" 2 370 -2.707 17.547 1.6094379124341 0.749216300940439 0.250783699059561 0
"7924" 3 "kalk" 3 154 -1.183 19.891 2.56494935746154 0.424528301886792 0.138364779874214 0.437106918238994
"7663" 4 "kalk" 2 380 -2.5 17.5 1.94591014905531 1 0 0
"8471" 2 "kalk" 3 181 -1.338 19.106 1.38629436111989 0.737654320987654 0.0246913580246914 0.237654320987654
"8695" 17 "kalk" 3 403 -2.046 17.709 2.07944154167984 0.454545454545455 0.401253918495298 0.144200626959248
"8693" 2 "kalk" 2 359 -2.633 17.537 1.6094379124341 1 0 0
"8508" 7 "kalk" 3 367 -1.877 17.598 2.70805020110221 0.427672955974843 0.367924528301887 0.20440251572327
"8507" 7 "kalk" 3 378 -2.083 17.266 2.77258872223978 0.538940809968847 0.414330218068536 0.0467289719626168
"7907" 19.3 "kalk" 4 625 -3.353 16.027 2.60268968544438 0.475155279503106 0.503105590062112 0.0217391304347826
"8540" 2 "kalk" 2 526 -3.181 17 1.38629436111989 0.827044025157233 0.172955974842767 0
"8656" 11 "kalk" 2 367 -2.598 17.707 1.6094379124341 0.8 0.2 0
"8099" 50 "silikat" 2 1048 -4.246 13.816 2.07944154167984 0.153605015673981 0.846394984326019 0
"8254" 21.99 "silikat" 2 568 -3.27 16.434 2.07944154167984 0.537735849056604 0.462264150943396 0
"7776" 5 "kalk" 5 454 -1.9 16.9 3.16968558067743 0.284375 0.346875 0.36875
"7936" 6.2 "kalk" 5 433 -1.9 16.9 3.43398720448515 0.109717868338558 0.344827586206897 0.545454545454545
"7965" 143 "silikat" 3 740 -3.102 15.979 1.80828877117927 0.270440251572327 0.669811320754717 0.059748427672956
"7858" 1.1 "kalk" 4 195 -1.438 19.043 2.70805020110221 0.794392523364486 0.109034267912773 0.0965732087227414
"8565" 32 "silikat" 2 573 -2.9 16.303 0.405465108108164 0.591194968553459 0.408805031446541 0
"8700" 23 "kalk" 3 519 -2.975 15.862 1.94591014905531 0.2375 0.7625 0
"8222" 2 "silikat" 2 434 -2 17.5 1.09861228866811 0.283489096573209 0.38006230529595 0.336448598130841
"8684" 71 "silikat" 2 733 -3.955 15.268 1.6094379124341 0.0560747663551402 0.94392523364486 0
"8317" 46 "kalk" 3 853 -3.794 14.093 1.79175946922805 0.137931034482759 0.827586206896552 0.0344827586206897
"8056" 67 "kalk" 3 915 -3.782 14.256 1.70474809223843 0.232919254658385 0.767080745341615 0
"8057" 19 "kalk" 3 845 -3.82 14.383 2.19722457733622 0.225 0.775 0
"8564" 11 "kalk" 2 520 -2.365 17.07 1.09861228866811 0.811912225705329 0 0.188087774294671
"8391" 3 "kalk" 2 235 -3.53 16.56 2.14006616349627 0.5625 0 0.4375
"8435" 5 "kalk" 3 268 -1.891 18.218 2.30258509299405 0.987616099071207 0.0123839009287926 0
"8436" 5 "kalk" 3 240 -1.891 18.218 1.79175946922805 0.630094043887147 0 0.369905956112853
"8255" 7.99 "silikat" 2 491 -2.9 17.01 1.6094379124341 0.641744548286604 0.205607476635514 0.152647975077882
"8655" 10.5 "kalk" 2 370 -2.129 16.308 2.19722457733622 0.213836477987421 0.767295597484277 0.0188679245283019
"8224" 2 "silikat" 6 420 -1.9 17.7 1.38629436111989 0.575949367088608 0.332278481012658 0.0917721518987342
"8574" 2 "kalk" 2 392 -2.264 17.62 1.79175946922805 1 0 0
"8387" 14 "kalk" 2 402 -1.35 19.87 1.94591014905531 0.422360248447205 0.447204968944099 0.130434782608696
"8691" 7 "silikat" 2 460 -3.052 16.97 1.6094379124341 0.617554858934169 0.382445141065831 0
"8388" 16 "kalk" 3 383 -2.324 17.282 1.50407739677627 0.236024844720497 0.624223602484472 0.139751552795031
"8245" 29.8 "kalk" 4 802 -4.5 15.1 2.26176309847379 0.166666666666667 0.720125786163522 0.113207547169811
"8431" 19 "silikat" 2 558 -3.347 16.794 1.79175946922805 0.425465838509317 0.574534161490683 0
"8572" 5 "kalk" 2 489 -2.154 17.436 1.79175946922805 0.70625 0.29375 0
"8389" 3 "kalk" 3 215 -3.146 16.29 2.63905732961526 0.893081761006289 0.00314465408805031 0.10377358490566
"8394" 2 "kalk" 3 203 -1.423 19.045 2.14006616349627 0.849529780564263 0.00626959247648903 0.144200626959248
"7910" 57.1 "silikat" 3 1075 -3.854 13.6 2.43361335540045 0.174454828660436 0.825545171339564 0
"7783" 1 "kalk" 4 179 -0.5 19.4 1.94591014905531 0.573208722741433 0 0.426791277258567
"7871" 4 "kalk" 3 186 -1.06 19.04 1.87180217690159 0.739130434782609 0 0.260869565217391
"8397" 11 "kalk" 2 267 -2.257 18.009 1.70474809223843 0.0846394984326019 0.752351097178683 0.163009404388715
"7661" 3 "kalk" 2 266 -2.2 18.1 1.79175946922805 0.875389408099688 0.00311526479750779 0.121495327102804
"8542" 22 "silikat" 2 555 -3.34 16.675 0.916290731874155 0.4875 0.5125 0
"8533" 4 "silikat" 2 433 -2.939 16.928 1.6094379124341 0.683229813664596 0.316770186335404 0
"8510" 7 "kalk" 3 395 -2.222 17.178 2.77258872223978 0.590062111801242 0.27639751552795 0.133540372670807
"7872" 5 "kalk" 2 193 -1.19 18.8 1.70474809223843 0.739130434782609 0.201863354037267 0.0590062111801242
"7985" 4 "kalk" 3 268 -1.94 18.5 1.6094379124341 0.792569659442725 0.086687306501548 0.120743034055728
"8701" 3 "kalk" 3 403 -2.294 17.374 2.30258509299405 0.307453416149068 0.692546583850932 0
"7877" 3 "kalk" 8 175 -1.18 18.99 2.01490302054226 0.225 0.378125 0.396875
"8449" 2 "kalk" 4 166 0.97 20 1.94591014905531 0.76875 0.034375 0.196875
"8575" 6 "kalk" 2 372 -2.518 17.489 1.79175946922805 1 0 0
"7908" 53.3 "silikat" 3 1065 -3.791 13.557 2.11625551480255 0.184952978056426 0.815047021943574 0
"7909" 48.2 "silikat" 3 1042 -3.823 13.818 2.32238772029023 0.211180124223602 0.788819875776398 0
"7803" 8 "kalk" 2 475 -2.244 17.661 1.94591014905531 0.975077881619938 0.0249221183800623 0
"7884" 7 "kalk" 2 233 -1.703 18.787 1.25276296849537 0.924764890282132 0 0.0752351097178683
"8381" 32 "kalk" 2 416 -1.67 19.176 1.79175946922805 0.00626959247648903 0.899686520376176 0.0940438871473354
"7881" 9 "kalk" 3 195 -1.56 18.94 1.16315080980568 0.667701863354037 0 0.332298136645963
"8696" 18 "silikat" 3 273 -2.059 18.066 2.07944154167984 0.377708978328173 0.606811145510836 0.0154798761609907
"8220" 61 "kalk" 2 1007 -4.3 14.4 1.48160454092422 0.0186915887850467 0.981308411214953 0
"8685" 38 "silikat" 2 822 -3.731 14.194 1.79175946922805 0 0.77115987460815 0.22884012539185
"8464" 19 "silikat" 2 777 -3.937 14.673 1.38629436111989 0.440251572327044 0.559748427672956 0
"8465" 7 "silikat" 2 757 -3.971 14.786 0.916290731874155 0.38871473354232 0.401253918495298 0.210031347962382
"7859" 2.1 "kalk" 3 180 -1.36 19.04 1.79175946922805 0.745341614906832 0 0.254658385093168
"7926" 0.7 "kalk" 4 150 -1.109 19.687 3.25809653802148 0.264150943396226 0.481132075471698 0.254716981132075
"8524" 62 "kalk" 3 581 -1.996 16.642 1.94591014905531 0.339563862928349 0.411214953271028 0.249221183800623
"8462" 4 "kalk" 2 220 -1.139 18.994 1.25276296849537 0.507788161993769 0 0.492211838006231
"8716" 26 "kalk" 3 573 -3.244 16.4 1.79175946922805 0 1 0
"8133" 46 "silikat" 3 690 -4.211 15.64 1.94591014905531 0.199376947040498 0.728971962616822 0.0716510903426791
"8134" 39 "silikat" 3 679 -4.179 15.798 1.94591014905531 0.334365325077399 0.520123839009288 0.145510835913313
"8234" 9.4 "kalk" 2 570 -2.3 16.3 2.2512917986065 0.254716981132075 0.745283018867924 0
"7744" 2.5 "kalk" 5 255 -1.997 18.166 3.43398720448515 0.546583850931677 0.37888198757764 0.0745341614906832
"8706" 16 "kalk" 2 350 -2.085 18.007 0.693147180559945 0.990595611285266 0.00940438871473354 0
"8869" 15 "kalk" 3 579 -2.388 16.689 1.94591014905531 0.00314465408805031 0.99685534591195 0
"7889" 6 "kalk" 3 274 -2.287 18.511 1.02961941718116 0.63125 0.353125 0.015625
"7810" 2.3 "silikat" 2 516 -2.562 17.198 3.78418963391826 0.739938080495356 0.117647058823529 0.142414860681115
"8586" 11 "silikat" 2 360 -2.756 17.545 1.6094379124341 0.78125 0.21875 0
"8238" 20.6 "kalk" 2 837 -4.8 15.4 1.66770682055808 0.269349845201238 0.730650154798762 0
"8237" 11 "kalk" 2 482 -2.3 16.2 1.56861591791385 0.411214953271028 0.258566978193146 0.330218068535826
"8720" 11 "silikat" 3 488 -2.165 17.077 2.19722457733622 0.474842767295597 0.415094339622642 0.110062893081761
"8719" 8 "kalk" 2 538 -2.817 16.392 1.94591014905531 0.433021806853583 0.420560747663551 0.146417445482866
"8712" 8 "kalk" 2 397 -2.386 17.446 1.09861228866811 0.789308176100629 0.157232704402516 0.0534591194968553
"8235" 9.4 "kalk" 2 572 -2.3 16.3 2.33214389523559 0.225705329153605 0.764890282131661 0.00940438871473354
"8495" 28.5 "silikat" 3 1178 -4.851 13.817 1.30833281965018 0.365325077399381 0.551083591331269 0.0835913312693498
"8236" 52 "kalk" 3 839 -4.4 15.3 1.70474809223843 0.70404984423676 0.252336448598131 0.043613707165109
"8705" 11 "kalk" 2 336 -2.078 17.991 0.693147180559945 1 0 0
"7807" 3 "silikat" 2 468 -3.4 16.5 4.18965474202643 0.5375 0.246875 0.215625
"7927" 0.8 "kalk" 8 182 -1.391 19.171 3.71357206670431 0.307453416149068 0.692546583850932 0
"9698" 16.7 "silikat" 3 1265 -4.507 13.39 1.98787434815435 0.23125 0.684375 0.084375
"7765" 36 "kalk" 2 522 -2.2 16.8 1.6094379124341 0.333333333333333 0.358255451713396 0.308411214953271
"7888" 2 "kalk" 2 231 -2.051 18.477 1.25276296849537 0.993730407523511 0 0.00626959247648903
"7915" 22 "kalk" 4 545 -3.432 16.061 2.60859812213055 0.100313479623824 0.755485893416928 0.144200626959248
"7916" 22 "kalk" 4 563 -3.558 15.851 2.67414864942653 0.050314465408805 0.927672955974843 0.0220125786163522
"8135" 63 "silikat" 3 1055 -3.646 13.829 2.19722457733622 0.0560747663551402 0.94392523364486 0
"8136" 61 "silikat" 3 1073 -3.597 13.547 1.79175946922805 0.0314465408805031 0.968553459119497 0
"8323" 45 "kalk" 2 701 -3.772 14.558 1.87180217690159 0.059375 0.771875 0.16875
"8124" 53 "silikat" 2 1028 -3.632 13.993 2.39789527279837 0.197492163009404 0.802507836990596 0
"8463" 16 "silikat" 4 367 -3.948 15.156 1.79175946922805 0.307210031347962 0.692789968652038 0
"8242" 23.1 "kalk" 3 545 -2.2 16.4 2.78501124223834 0.259375 0.503125 0.2375
"8243" 27.7 "kalk" 3 660 -3.3 15 2.64617479738412 0.0747663551401869 0.925233644859813 0
"8225" 54 "kalk" 5 790 -4.1 15.7 1.68639895357023 0.728706624605678 0.192429022082019 0.0788643533123028
"7885" 2 "kalk" 4 172 -1.195 19.236 0.78845736036427 0.63125 0.178125 0.190625
"7766" 28 "kalk" 2 550 -2 17 2.11625551480255 0.64797507788162 0.317757009345794 0.0342679127725857
"8584" 5 "kalk" 3 367 -2.787 17.262 1.79175946922805 0.802507836990596 0.0846394984326019 0.112852664576803
"8340" 1.2 "kalk" 6 253 -2.2 18.1 4.04305126783455 0.316770186335404 0.43167701863354 0.251552795031056
"7806" 29 "kalk" 2 629 -3.423 15.4 1.6094379124341 0 1 0
"8717" 11 "kalk" 3 309 -2.322 17.832 1.38629436111989 0.905956112852665 0.0940438871473354 0
"8722" 11 "kalk" 5 357 -2.308 17.808 1.6094379124341 0.588050314465409 0.150943396226415 0.261006289308176
"8506" 17 "kalk" 2 612 -3.207 15.819 1.6094379124341 0.448916408668731 0.495356037151703 0.0557275541795666
"8709" 30 "kalk" 2 617 -3.705 15.326 1.09861228866811 0.05625 0.94375 0
"7987" 7 "kalk" 4 290 -2.14 18.5 1.79175946922805 0.946875 0.04375 0.009375
"7764" 7 "kalk" 2 427 -0.9 18.1 1.66770682055808 0.421383647798742 0.248427672955975 0.330188679245283
"8150" 56 "kalk" 2 850 -4.464 15.14 1.25276296849537 0.383177570093458 0.355140186915888 0.261682242990654
"8228" 40 "kalk" 2 580 -2.6 16 2.18605127673809 0.5141065830721 0.4858934169279 0
"8229" 42 "kalk" 2 590 -2.8 15.8 2.09186406167839 0.391304347826087 0.608695652173913 0
"8523" 11.2 "silikat" 4 961 -4.708 14.736 2.72785282839839 0.40625 0.2875 0.30625
"7970" 40 "kalk" 3 940 -2.271 14.71 2.69462718077007 0.0566037735849057 0.943396226415094 0
"7969" 44 "kalk" 3 920 -2.255 14.94 2.90690105984738 0.18125 0.79375 0.025
"8721" 9 "kalk" 2 579 -2.409 16.847 1.09861228866811 0 1 0
"7805" 22 "kalk" 2 519 -2.975 16.256 2.89037175789616 0.583333333333333 0.299382716049383 0.117283950617284
"7784" 1 "kalk" 2 202 -1.702 18.97 1.38629436111989 0.831775700934579 0 0.168224299065421
"8707" 26 "kalk" 3 474 -2.559 16.247 3.04452243772342 0.125 0.675 0.2
"8585" 1 "kalk" 3 356 -2.777 17.217 1.09861228866811 0.849529780564263 0.150470219435737 0
"7971" 14 "kalk" 2 865 -3.082 14.814 2.83321334405622 0.0685358255451713 0.853582554517134 0.0778816199376947
"8149" 56 "kalk" 2 979 -4.484 14.271 1.25276296849537 0.123839009287926 0.876160990712074 0
"8714" 43 "silikat" 2 533 -2.78 16.515 1.38629436111989 0.614906832298137 0.385093167701863 0
"7989" 2 "kalk" 2 239 -1.94 18.5 1.79175946922805 0.93125 0 0.06875
"7991" 3 "kalk" 2 251 -1.98 18.3 1.50407739677627 0.987616099071207 0.0123839009287926 0
"8713" 33 "silikat" 2 614 -2.94 16.283 0.693147180559945 0.755485893416928 0.244514106583072 0
"8079" 98 "silikat" 2 1271 -3.294 13.417 1.6094379124341 0.16875 0.83125 0
"8571" 10 "silikat" 2 278 -1.81 18.343 0.693147180559945 0.5141065830721 0.454545454545455 0.0313479623824451
"8291" 99 "silikat" 3 1146 -3.468 13.723 1.79175946922805 0.0249221183800623 0.753894080996885 0.221183800623053
"9697" 7.7 "silikat" 5 1065 -4.941 13.931 2.63905732961526 0.235109717868339 0.683385579937304 0.0815047021943574
"7743" 3 "kalk" 3 577 -3.118 18.82 2.19722457733622 0.655172413793103 0.156739811912226 0.188087774294671
"7968" 269 "kalk" 3 840 -3.497 14.848 2.01490302054226 0.477987421383648 0.522012578616352 0
"8112" 23 "kalk" 3 869 -4.169 14.726 1.70474809223843 0.257861635220126 0.742138364779874 0
"8461" 25 "silikat" 4 389 -2.883 17.507 1.79175946922805 0.3125 0.6625 0.025
"7809" 10.9 "silikat" 5 775 -3.594 15.517 3.41772668361337 0.169811320754717 0.147798742138365 0.682389937106918
"8239" 35.7 "kalk" 3 1137 -4.1 13.9 2.00148000021012 0.263975155279503 0.630434782608696 0.105590062111801
"8570" 71 "kalk" 2 552 -2.655 16.093 1.6094379124341 0.572327044025157 0.39937106918239 0.0283018867924528
"8711" 32 "silikat" 2 639 -3.726 15.449 1.38629436111989 0.247678018575851 0.752321981424149 0
"8114" 5 "kalk" 4 666 -4.06 15.983 3.04452243772342 0.229102167182663 0.770897832817337 0
"8385" 40 "silikat" 3 352 -2.366 17.958 1.25276296849537 0.0438871473354232 0.956112852664577 0
"8106" 6 "kalk" 3 765 -3.732 15.173 2.484906649788 0.593059936908517 0.20820189274448 0.198738170347003
"7643" 12 "kalk" 2 552 -2.3 16.9 2.12823170584927 0.473520249221184 0.0529595015576324 0.473520249221184
"8441" 4 "kalk" 3 305 1.722 18.237 1.6094379124341 0.752351097178683 0 0.247648902821317
"8399" 17 "silikat" 3 590 -3.948 15.156 1.79175946922805 0.446875 0.553125 0
"7988" 7 "kalk" 2 262 -1.9 18.1 1.50407739677627 0.803125 0.021875 0.175
"8113" 5 "kalk" 4 656 -3.496 16.53 2.70805020110221 0.814465408805031 0.169811320754717 0.0157232704402516
"8587" 1 "silikat" 8 226 -1.934 18.203 3.25809653802148 0.536050156739812 0.45141065830721 0.0125391849529781
"8373" 6 "kalk" 4 438 -2.036 17.785 3.25809653802148 0.38125 0.225 0.39375
"7804" 3.6 "kalk" 5 439 -2.728 17.404 3.36729582998647 0.457943925233645 0.426791277258567 0.115264797507788
"8439" 12 "kalk" 2 409 -2.298 17.127 1.87180217690159 0.859375 0.140625 0
"8440" 9 "kalk" 2 360 -2.298 17.127 2.19722457733622 0.933962264150943 0.0660377358490566 0
"8528" 5 "kalk" 5 368 -2.032 18.05 1.38629436111989 0.395638629283489 0.146417445482866 0.457943925233645
"8402" 16 "kalk" 2 301 -2.127 17.095 1.6094379124341 0.316770186335404 0.46583850931677 0.217391304347826
"8125" 5 "silikat" 5 674 -3.739 15.905 2.94443897916644 0.521875 0.35 0.128125
"8715" 7 "kalk" 4 623 -4.388 15.876 2.19722457733622 0.0815047021943574 0.808777429467085 0.109717868338558
"8516" 5 "silikat" 3 520 -3.71 15.479 2.77258872223978 0.374213836477987 0.138364779874214 0.487421383647799
"8517" 4 "silikat" 3 531 -3.66 15.515 2.56494935746154 0.509433962264151 0.490566037735849 0
"8107" 19 "kalk" 2 785 -3.913 15.122 0.641853886172395 0.672897196261682 0.249221183800623 0.0778816199376947
"8438" 6 "kalk" 2 309 -1.7734 18.178 1.94591014905531 0.922360248447205 0.077639751552795 0
