"CCall" "CCin" "CCout" "BCdir" "BCund"
"CHE-373605" 0.0092398625058 0.000244080947762 0.000252306044649 6.74875954749168 10.1097697467749
"CHE-362099" 0.010599537982108 0.000243724104314 0.000251324492944 0 0
"CHE-373534" 0.009325758144124 0.000244200069748 0.00025224458944 7.02908756414966 10.396963537967
"CHE-297571" 0.011241281977501 0.000243724104314 0.000250529703588 0 0
"CHE-282069" 0.013056583834918 0.000243724104314 0.000249676507017 0 0
"CHE-274427" 0.013063403045155 0.000243724104314 0.000249676507017 0 0
"CHE-373214" 0.009413179369028 0.000244917309062 0.000252183148657 7.93773177526011 11.3112987571183
"CHE-281186" 0.012261319750828 0.000243724104314 0.000249980894927 0 0
"CHE-295159" 0.011622833115157 0.000243724104314 0.000250346637327 0 0
"CHE-361800" 0.010599537982108 0.000243724104314 0.000251324492944 0 0
"CHE-281173" 0.012413488396021 0.00024384296513 0.000249919988439 5.33271879326537 9.012133305952
"CHE-364587" 0.011060240833913 0.00024384296513 0.00025107968242 5.50125821054473 9.012133305952
"CHE-360340" 0.010822876320539 0.000243724104314 0.000251202058804 0 0
"CHE-274595" 0.013063403045155 0.000243724104314 0.000249676507017 0 0
"CHE-389580" 0.008286952393459 0.000245397040686 0.000253106274833 8.37586001529959 11.6448305358502
"CHE-282775" 0.012888833029598 0.000243724104314 0.000249737355692 0 0
"CHE-297388" 0.011499634153521 0.000244558163527 0.000250407644966 7.34923082461333 10.9554623583529
"CHE-297899" 0.011117555547124 0.000243961912918 0.00025059075457 6.12468339089421 9.70479268162423
"CHE-274327" 0.01323627164366 0.00024384296513 0.000249615672797 5.28320372873799 9.012133305952
"CHE-282626" 0.013057082560105 0.00024384296513 0.000249676507017 5.29330482472449 9.012133305952
"CHE-297365" 0.011499634153521 0.000244558163527 0.000250407644966 7.34923082461333 10.9554623583529
"CHE-274206" 0.013236784190723 0.000244200098823 0.000249615672797 6.66568371778241 10.396963537967
"CHE-280936" 0.012728970976581 0.000244080947762 0.000249798218821 6.4085287910595 10.1097697467749
"CHE-295852" 0.01249269077088 0.000243961912918 0.000249980894927 6.0330862217988 9.70479268162423
"CHE-360317" 0.010941263393179 0.00024384296513 0.000251140863392 5.50938833662798 9.012133305952
"CHE-297236" 0.0116324574488 0.000244677635128 0.000250346637327 7.47363710849621 11.0881552058041
"CHE-281913" 0.013229270809817 0.00024384296513 0.000249615672797 5.28320372873799 9.012133305952
"CHE-371131" 0.009739673856265 0.000243724104314 0.000251937529811 0 0
"CHE-274168" 0.013236784190723 0.000244200098823 0.000249615672797 6.66568371778241 10.396963537967
"CHE-274162" 0.013413601300158 0.000244438721143 0.000249554853033 7.0604763659998 10.8017772333007
"CHE-372384" 0.009412574575493 0.000244080976809 0.000252183148657 6.73459165997295 10.1099324542273
"CHE-282622" 0.013057082560105 0.00024384296513 0.000249676507017 5.29330482472449 9.012133305952
"CHE-281762" 0.013406411676847 0.000243961912918 0.000249554853033 5.96357934361845 9.70479268162423
"CHE-275604" 0.011995625193737 0.000243724104314 0.000250102751258 0 0
"CHE-282284" 0.013406586941814 0.000244080947762 0.000249554853033 6.36818718635049 10.1097697467749
"CHE-280745" 0.012892559905459 0.000244319366271 0.000249737355692 6.90875477931522 10.6199117100006
"CHE-282333" 0.013229270809817 0.000243724104314 0.000249615672797 0 0
"CHE-274025" 0.013594845757162 0.000244558105205 0.000249494047724 7.20414929203594 10.9551130499799
"CHE-364448" 0.011060121548093 0.000243724104314 0.00025107968242 0 0
"CHE-302423" 0.010938433313423 0.000243961912918 0.000250712899869 6.14203740558736 9.70479268162423
"CHE-362413" 0.010714183102307 0.000245037190457 0.000251263268655 7.91971976092457 11.4062529779431
"CHE-372352" 0.009501726849675 0.000245397686633 0.000252121722302 8.26693534761046 11.6458816922189
"CHE-361711" 0.010713063826564 0.00024384296513 0.000251263268655 5.52545293913178 9.012133305952
"CHE-292556" 0.011883517196626 0.000243724104314 0.000250224665393 0 0
"CHE-292142" 0.01202611619773 0.000243724104314 0.000250163701101 0 0
"CHE-275184" 0.012750019426529 0.000246119005679 0.000249798218821 8.30424746507847 11.9985563501017
"CHE-274908" 0.013242253830311 0.000243724104314 0.000249615672797 0 0
"CHE-275022" 0.013076729351232 0.000246360329429 0.000249676507017 8.37953902611744 12.0928815507572
"CHE-275419" 0.012288206676732 0.000245636950025 0.000249980894927 8.11042723757502 11.7773798513027
"CHE-295562" 0.01249269077088 0.000243961912918 0.000249980894927 6.0330862217988 9.70479268162423
"CHE-296774" 0.01204886516844 0.000245156632497 0.000250163701101 7.85127199710988 11.4916609696655
"CHE-370908" 0.010133799754931 0.000244200069748 0.000251692141855 6.96318998587024 10.396963537967
"CHE-276381" 0.011584396365968 0.000243961912918 0.000250285644135 6.07993319509559 9.70479268162423
"CHE-274818" 0.013419920501202 0.000246602008285 0.000249554853033 8.44612674298238 12.1789069774574
"CHE-275591" 0.011997589952676 0.000245396688353 0.000250102751258 7.99598047476376 11.6448305358502
"CHE-367416" 0.010773048993474 0.000244080947762 0.000251263268655 6.62140565176413 10.1097697467749
"CHE-360207" 0.011062149757021 0.000243961912918 0.00025107968242 6.19236248947487 9.70479268162423
"CHE-281617" 0.013588180734067 0.000244438750276 0.000249494047724 7.05012252026906 10.8019401262804
"CHE-362287" 0.010714183102307 0.000245037190457 0.000251263268655 7.91971976092457 11.4062529779431
"CHE-302238" 0.011182413460333 0.000244200069748 0.00025059075457 6.81673588059497 10.396963537967
"CHE-362705" 0.01038165620571 0.000243961912918 0.000251446984837 6.24027584517077 9.70479268162423
"CHE-364227" 0.011309996470796 0.000244080947762 0.0002509573638 6.58063913728495 10.1097697467749
"CHE-280500" 0.01340798922654 0.000244677518371 0.000249554853033 7.34794382314869 11.0881552058041
"CHE-276104" 0.011719866058674 0.000245156779015 0.000250224665393 7.86057078553866 11.4923961737177
"CHE-388261" 0.008638590195558 0.000246482960949 0.000252798205589 8.8394216076206 12.1368404596955
"CHE-302061" 0.010937733313424 0.000243724104314 0.000250712899869 0 0
"CHE-301946" 0.011058660505593 0.00024384296513 0.000250651819997 5.44241771052179 9.012133305952
"CHE-364127" 0.011309996470796 0.000244080947762 0.0002509573638 6.58063913728495 10.1097697467749
"CHE-362928" 0.010601181584647 0.000244319278959 0.000251324492944 7.13966033596492 10.6196185694864
"CHE-304862" 0.010844134729518 0.00024384296513 0.000250773994187 5.45958551414416 9.012133305952
"CHE-296647" 0.012194034376356 0.000245276543024 0.000250102751258 7.9218984110238 11.5712132408407
"CHE-291906" 0.01232227772888 0.000244200127898 0.000250041815867 6.73459165997295 10.3972077083992
"CHE-361686" 0.010828933474129 0.000245277247001 0.000251202058804 8.07868822922987 11.571628241224
"CHE-296613" 0.012342595796537 0.000245396541548 0.000250041815867 7.986504938554 11.6448305358502
"CHE-301803" 0.011182169591695 0.000243961912918 0.00025059075457 6.12468339089421 9.70479268162423
"CHE-273832" 0.013967108175287 0.000247821143457 0.000249372480476 8.76295892076673 12.5222692858802
"CHE-276738" 0.011585312467344 0.000244797048208 0.000250285644135 7.58222919427646 11.2054487651903
"CHE-368420" 0.010436809216552 0.00024384296513 0.000251446984837 5.54907608489522 9.012133305952
"CHE-304624" 0.010962872689565 0.000244080976809 0.000250712899869 6.54678541076052 10.1099324542273
"CHE-362961" 0.010601181584647 0.000244319278959 0.000251324492944 7.13966033596492 10.6196185694864
"CHE-369346" 0.010413255449697 0.000243724104314 0.000251508252438 0 0
"CHE-301800" 0.01130834396994 0.000244558192688 0.000250529703588 7.36707705988101 10.9556718848238
"CHE-275544" 0.012139075571812 0.000243724104314 0.000250041815867 0 0
"CHE-280349" 0.01340798922654 0.000244677518371 0.000249554853033 7.34794382314869 11.0881552058041
"CHE-276910" 0.01145368545086 0.000244677489182 0.000250346637327 7.47363710849621 11.0881552058041
"CHE-360062" 0.011182565883633 0.000243724104314 0.000251018515889 0 0
"CHE-301574" 0.01143676045814 0.000244677664317 0.000250468667054 7.49164547360513 11.0881552058041
"CHE-308158" 0.009916308483738 0.000244080947762 0.000251324492944 6.62936325343745 10.1097697467749
"CHE-367165" 0.011009390994415 0.000244319278959 0.000251140863392 7.11558212618445 10.6196185694864
"CHE-363812" 0.011438961067934 0.000244200069748 0.000250896226153 6.8596149036542 10.396963537967
"CHE-294693" 0.012042215274414 0.000244080947762 0.000250163701101 6.46614472423762 10.1097697467749
"CHE-277989" 0.013958363107999 0.000243961912918 0.000249372480476 5.93224518744801 9.70479268162423
"CHE-300540" 0.012120925587209 0.000243724104314 0.000250163701101 0 0
"CHE-363228" 0.010275422402024 0.000243961912918 0.000251508252438 6.24804287450843 9.70479268162423
"CHE-361212" 0.010599976226284 0.000244319278959 0.000251324492944 7.13966033596492 10.6196185694864
"CHE-360678" 0.010712280472677 0.000243724104314 0.000251263268655 0 0
"CHE-273389" 0.014158253516265 0.000248435558529 0.000249311718538 8.88944616531829 12.6587202770392
"CHE-360474" 0.011064536837733 0.000246363111118 0.00025107968242 8.58839695042257 12.0928815507572
"CHE-359946" 0.011305757061275 0.000243724104314 0.0002509573638 0 0
"CHE-291540" 0.012475365562882 0.000244319337167 0.000249980894927 6.94793706861497 10.6196185694864
"CHE-281438" 0.013588180734067 0.000244438750276 0.000249494047724 7.05012252026906 10.8019401262804
"CHE-189928" 0.009441149325287 0.000243961912918 0.000250529703588 6.11589212548303 9.70479268162423
"CHE-301338" 0.011839306381738 0.000245036604956 0.000250285644135 7.78280726283969 11.4051397887641
"CHE-370341" 0.010342445375651 0.000244438575482 0.000251569534476 7.35308192051543 10.8014513677174
"CHE-294542" 0.012188526976996 0.000244200069748 0.000250102751258 6.74405918631135 10.396963537967
"CHE-280152" 0.013406586941814 0.000243724104314 0.000249554853033 0 0
"CHE-382167" 0.009691053376394 0.000249047433033 0.000251998912878 9.39740068311731 12.7751294408591
"CHE-280141" 0.013588720897876 0.000244797077426 0.000249494047724 7.45529848568329 11.2054487651903
"CHE-307947" 0.010116205658367 0.000244319278959 0.000251202058804 7.12367278520461 10.6196185694864
"CHE-304400" 0.011207711517549 0.000244319308063 0.00025059075457 7.03966034986208 10.6196185694864
"CHE-312504" 0.009455469165996 0.000243724104314 0.000251630830948 0 0
"CHE-367128" 0.011131312583105 0.000245157072052 0.00025107968242 7.98241634682773 11.4928860096325
"CHE-280057" 0.013774206438485 0.000245638215031 0.000249433256872 8.01994168767737 11.7790365474939
"CHE-105002" 0.008431879988571 0.000244438604614 0.000249919988439 7.12044437239249 10.8014513677174
"CHE-293208" 0.013128920752785 0.000244080947762 0.000249737355692 6.39859493453521 10.1097697467749
"CHE-367036" 0.011255100052955 0.000245276983009 0.000251018515889 8.05420489706441 11.5712132408407
"CHE-359673" 0.011563724522877 0.000247090541998 0.000250835102948 8.79618763547045 12.331082835611
"CHE-273141" 0.014353698649311 0.000248557885569 0.000249250971058 8.90395107205871 12.6818098066237
"CHE-291143" 0.012632149467091 0.000244558163527 0.000249919988439 7.27447955877387 10.9554623583529
"CHE-363675" 0.011705518601273 0.000244438575482 0.000250773994187 7.24779258176785 10.8014513677174
"CHE-104820" 0.008649118220078 0.000244797018991 0.000249737355692 7.49609734517596 11.2054487651903
"CHE-277970" 0.014155517442482 0.000247581134728 0.000249311718538 8.69165057315339 12.4635325957924
"CHE-307733" 0.010323912113357 0.000244557959402 0.00025107968242 7.44366368311559 10.9551130499799
"CHE-105278" 0.008091687379177 0.000243724104314 0.000250224665393 0 0
"CHE-295396" 0.012650381330973 0.000245878301629 0.000249919988439 8.21851757748959 11.894999113621
"CHE-371726" 0.010157488114105 0.000248067468546 0.000251692141855 9.15957325492253 12.5784358821332
"CHE-189562" 0.009621993127148 0.00024384296513 0.000250407644966 5.40717177146012 9.012133305952
"CHE-301270" 0.01197958039344 0.000245156427372 0.000250224665393 7.86057078553866 11.4916609696655
"CHE-320742" 0.0141887638273 0.000244080947762 0.000249372480476 6.33682573114644 10.1097697467749
"CHE-363560" 0.011843305731675 0.000244557959402 0.000250712899869 7.39326309476384 10.9551130499799
"CHE-366692" 0.011381545359703 0.000245517451072 0.0002509573638 8.18896686364888 11.713757965523
"CHE-294403" 0.012187947540126 0.000243724104314 0.000250102751258 0 0
"CHE-272732" 0.01455440872271 0.00025282283911 0.000249190238036 9.50814602759882 13.2889281115858
"CHE-293099" 0.013303021556603 0.000244200069748 0.000249676507017 6.67582322163485 10.396963537967
"CHE-104689" 0.008877154636052 0.000245156222247 0.000249554853033 7.75319426988434 11.4916609696655
"CHE-290863" 0.0127926051133 0.000244677635128 0.000249859096403 7.39817409297047 11.0881552058041
"CHE-383878" 0.009016633072272 0.000244558134366 0.000252490496829 7.61628356158038 10.9551130499799
"CHE-294191" 0.012648664983056 0.000244557959402 0.000249919988439 7.27447955877387 10.9551130499799
"CHE-295278" 0.012650381330973 0.000245878301629 0.000249919988439 8.21851757748959 11.894999113621
"CHE-307411" 0.010651142621968 0.000244916636395 0.000250896226153 7.77527584648686 11.3103195648736
"CHE-359241" 0.011292809161987 0.000243724104314 0.0002509573638 0 0
"CHE-290410" 0.012957025759275 0.000245037044081 0.000249798218821 7.7066129139642 11.4058523725785
"CHE-359520" 0.011695239507215 0.000247211875523 0.000250773994187 8.82276429670376 12.365679840039
"CHE-320605" 0.014597656972854 0.000243724104314 0.000249250971058 0 0
"CHE-381774" 0.010063565819204 0.000249663605376 0.000251753467195 9.4753933263676 12.880266338173
"CHE-300717" 0.012123074922494 0.000245517127782 0.000250163701101 8.07433769408951 11.7141178425144
"CHE-306944" 0.010537510660816 0.000243961912918 0.0002509573638 6.17586727010576 9.70479268162423
"CHE-320450" 0.014813851782032 0.00024527674835 0.000249190238036 7.76937860951398 11.5712132408407
"CHE-366681" 0.011510605639692 0.000261750571487 0.000250896226153 10.4281273201355 13.9036642822267
"CHE-271663" 0.01430424594097 0.000244080947762 0.000249250971058 6.31535800152233 10.1097697467749
"CHE-101543" 0.009442953236433 0.000244080947762 0.000249129519473 6.29341927884648 10.1097697467749
"CHE-104514" 0.009116649553502 0.000245636744095 0.000249372480476 8.00936307663004 11.7773798513027
"CHE-292968" 0.013303021556603 0.000244200069748 0.000249676507017 6.67582322163485 10.396963537967
"CHE-294002" 0.012971448267575 0.000246969208563 0.000249798218821 8.60428789826717 12.2952092625964
"CHE-290712" 0.0127926051133 0.000244677635128 0.000249859096403 7.39817409297047 11.0881552058041
"CHE-64333" 0.010625401496156 0.000244080976809 0.000248039058351 6.07073772800249 10.1099324542273
"CHE-304038" 0.011595202492036 0.000244677459993 0.000250407644966 7.48268182815465 11.0881552058041
"CHE-51306" 0.009135796420068 0.000244200127898 0.000248947450543 6.54678541076052 10.3972077083992
"CHE-324049" 0.012596152369839 0.000243961912918 0.000249919988439 6.02344759296103 9.70479268162423
"CHE-376350" 0.009865818138963 0.000245879480692 0.000251876161174 8.48899945704546 11.8961449641311
"CHE-290471" 0.012957025759275 0.000245037044081 0.000249798218821 7.7066129139642 11.4058523725785
"CHE-320080" 0.014588934886831 0.000243724104314 0.000249250971058 0 0
"CHE-101416" 0.009532684652192 0.00024491716283 0.00024906881537 7.48493028328966 11.3112008810293
"CHE-307156" 0.010764652471251 0.000245156485979 0.000250835102948 7.94909149983052 11.4920694830909
"CHE-322293" 0.01325796140259 0.000243724104314 0.000249676507017 0 0
"CHE-103657" 0.009364805044484 0.000243961912918 0.000249190238036 5.89989735358249 9.70479268162423
"CHE-100450" 0.009182794013947 0.000244080947762 0.000249311718538 6.3261494731551 10.1097697467749
"CHE-363462" 0.011843305731675 0.000244557959402 0.000250712899869 7.39326309476384 10.9551130499799
"CHE-363457" 0.011843305731675 0.000244557959402 0.000250712899869 7.39326309476384 10.9551130499799
"CHE-272553" 0.01455440872271 0.00025282283911 0.000249190238036 9.50814602759882 13.2889281115858
"CHE-357709" 0.011826096984374 0.000244200069748 0.000250712899869 6.83410873881384 10.396963537967
"CHE-306746" 0.010763748576467 0.000244200069748 0.000250835102948 6.85118492749374 10.396963537967
"CHE-323725" 0.012595842941937 0.000243724104314 0.000249919988439 0 0
"CHE-358578" 0.011421761490676 0.00024384296513 0.000250896226153 5.47646355193151 9.012133305952
"CHE-385231" 0.008857640740829 0.000244080947762 0.000252613537068 6.78332520060396 10.1097697467749
"CHE-323882" 0.012596152369839 0.000243961912918 0.000249919988439 6.02344759296103 9.70479268162423
"CHE-322236" 0.013806427292432 0.000245156808319 0.000249494047724 7.74283595543075 11.4923961737177
"CHE-272511" 0.01455440872271 0.00025282283911 0.000249190238036 9.50814602759882 13.2889281115858
"CHE-59276" 0.010103722022025 0.000245637832586 0.000248341494134 7.80994708647679 11.7787299589027
"CHE-321417" 0.014814921826187 0.000245878065818 0.000249190238036 8.09468364869882 11.8946168714933
"CHE-187540" 0.010741369197252 0.00024696849484 0.000249737355692 8.59433940059289 12.2952092625964
"CHE-322431" 0.013438517635188 0.000244677518371 0.000249615672797 7.35819375273303 11.0881552058041
"CHE-320343" 0.015033681016221 0.000247579969175 0.000249129519473 8.65886634973238 12.4662499048598
"CHE-82052" 0.010391781828315 0.00024384296513 0.000248220476422 5.01727983681492 9.012133305952
"CHE-303884" 0.011594153742662 0.000243724104314 0.000250407644966 0 0
"CHE-365140" 0.011724388271039 0.000244200069748 0.000250773994187 6.84268328223842 10.396963537967
"CHE-272374" 0.0141289933695 0.000243724104314 0.000249311718538 0 0
"CHE-289901" 0.013474538968419 0.000245396776436 0.000249615672797 7.91753635394363 11.6448305358502
"CHE-322667" 0.013089038648083 0.000244438662879 0.000249737355692 7.09090982207998 10.8014513677174
"CHE-272207" 0.014753591287397 0.000253204531114 0.000249129519473 9.53683442021335 13.319143240659
"CHE-322918" 0.012756165065149 0.00024384296513 0.000249859096403 5.32300997913841 9.012133305952
"CHE-311405" 0.010330359976025 0.000245156808319 0.00025107968242 7.98241634682773 11.4920694830909
"CHE-299602" 0.012573103000135 0.000245998860321 0.000249980894927 8.28223006329669 11.9481952997706
"CHE-101157" 0.009810064523535 0.000245517421682 0.000248886789821 7.85593219971861 11.713757965523
"CHE-303716" 0.011868079726184 0.000244916665642 0.000250285644135 7.68753876620163 11.3103195648736
"CHE-320275" 0.015033681016221 0.000247579969175 0.000249129519473 8.65886634973238 12.4662499048598
"CHE-79337" 0.010397576771479 0.000244080947762 0.000248220476422 6.11146733950268 10.1097697467749
"CHE-270982" 0.014942390563928 0.000244677664317 0.00024906881537 7.26192709270275 11.0881552058041
"CHE-289745" 0.013655990225747 0.000245516863274 0.000249554853033 7.97625194374562 11.7133324893106
"CHE-81950" 0.010500770534357 0.000243961912918 0.000248159989265 5.6937321388027 9.70479268162423
"CHE-321642" 0.014602021927951 0.000245636979444 0.000249250971058 7.98786409608569 11.7773798513027
"CHE-357593" 0.012106937729846 0.000269036073002 0.00025059075457 10.6972263958288 14.1963687164796
"CHE-63177" 0.011602647508061 0.000246120600534 0.000247555913418 7.84815308619953 11.9985563501017
"CHE-321871" 0.014394952291717 0.000245516804494 0.000249311718538 7.93415523353632 11.7133324893106
"CHE-357114" 0.012052015818638 0.00024384296513 0.00025059075457 5.43372200355424 9.012133305952
"CHE-319953" 0.015255819488919 0.000247947242243 0.00024906881537 8.73729211254422 12.5516674306004
"CHE-311063" 0.010436888880973 0.000245638038517 0.000251018515889 8.26178467951475 11.7784846203342
"CHE-306372" 0.011240758299034 0.000246119655432 0.00025059075457 8.4252971767117 11.9985563501017
"CHE-379510" 0.009404978081036 0.000244200127898 0.000252183148657 7.02197642307216 10.3972077083992
"CHE-284193" 0.014887508937223 0.000243724104314 0.00024906881537 0 0
"CHE-272047" 0.01495764674137 0.000253330411779 0.00024906881537 9.5385643997409 13.3305670829124
"CHE-323142" 0.012756165065149 0.00024384296513 0.000249859096403 5.32300997913841 9.012133305952
"CHE-357443" 0.012052015818638 0.00024384296513 0.00025059075457 5.43372200355424 9.012133305952
"CHE-99821" 0.009715061186886 0.000245036839156 0.000248947450543 7.55747290161475 11.4058523725785
"CHE-270969" 0.015167201573662 0.000254487529615 0.000249008125726 9.63645741981521 13.4388398823716
"CHE-298589" 0.013348389049245 0.000255508920575 0.000249676507017 9.84219708409302 13.5190836943709
"CHE-64559" 0.01160304134326 0.000246482161169 0.000247555913418 7.98786409608569 12.1368404596955
"CHE-289661" 0.01384220827428 0.000249924114948 0.000249494047724 9.1894231237208 12.9244050002789
"CHE-326786" 0.014655809981814 0.00024384296513 0.000249311718538 5.23110861685459 9.012133305952
"CHE-365753" 0.011456468491919 0.000243961912918 0.000250896226153 6.16751649088834 9.70479268162423
"CHE-186129" 0.011450871796017 0.000244200069748 0.000249372480476 6.62406522779989 10.396963537967
"CHE-102552" 0.010005951858248 0.000248312089191 0.000248765511761 8.76170676846664 12.6315103011378
"CHE-284421" 0.014887725067053 0.00024384296513 0.00024906881537 5.18738580584075 9.012133305952
"CHE-326574" 0.014655391090294 0.000243724104314 0.000249311718538 0 0
"CHE-80406" 0.01145419717303 0.000244319308063 0.000247676612837 6.49375383985169 10.6196185694864
"CHE-102214" 0.010202406594008 0.000248803927584 0.00024864429155 8.8376812155932 12.7305289480658
"CHE-284102" 0.01511244068496 0.000243961912918 0.000249008125726 5.8664680569333 9.70479268162423
"CHE-326499" 0.014873312158262 0.00024384296513 0.000249250971058 5.22035582507832 9.012133305952
"CHE-61994" 0.01214414286391 0.000250674321257 0.000247314688226 8.830689198761 13.0297347988912
"CHE-319839" 0.015255819488919 0.000247947242243 0.00024906881537 8.73729211254422 12.5516674306004
"CHE-270894" 0.015380635097994 0.000254614373434 0.000248947450543 9.63645741981521 13.4461150496162
"CHE-78772" 0.011083820378341 0.000245637950261 0.000247857770486 7.70029520342012 11.777809628746
"CHE-309687" 0.01088314810049 0.000246240746613 0.000250773994187 8.50004703258127 12.0468541459697
"CHE-349046" 0.012447994270645 0.000247456870898 0.000250407644966 8.83680988239836 12.4318447391981
"CHE-122178" 0.009759440033689 0.000243961912918 0.000248947450543 5.85507192220243 9.70479268162423
"CHE-44925" 0.012208551343179 0.00024384296513 0.000247194162457 4.76217393479776 9.012133305952
"CHE-289616" 0.014196620775104 0.000263001588012 0.000249372480476 10.2537570251763 13.9534464863641
"CHE-349343" 0.012299260005517 0.00024721306741 0.000250468667054 8.77909581088053 12.3689480114969
"CHE-380034" 0.009317539097548 0.000243961912918 0.00025224458944 6.33682573114644 9.70479268162423
"CHE-326755" 0.014655809981814 0.00024384296513 0.000249311718538 5.23110861685459 9.012133305952
"CHE-287441" 0.014168376404921 0.000244557959402 0.000249372480476 7.18311170174328 10.9551130499799
"CHE-94678" 0.010995285054507 0.000243961912918 0.000248099516575 5.68017260901707 9.70479268162423
"CHE-349041" 0.012600060205066 0.000274462746868 0.000250346637327 10.836064933973 14.3501413762915
"CHE-352128" 0.012151589749059 0.000245156427372 0.000250529703588 7.90581031265893 11.4916609696655
"CHE-349347" 0.012152165733974 0.000245636773514 0.000250529703588 8.1934002319521 11.777809628746
"CHE-352198" 0.012151589749059 0.000245156427372 0.000250529703588 7.90581031265893 11.4916609696655
"CHE-326452" 0.014873312158262 0.00024384296513 0.000249250971058 5.22035582507832 9.012133305952
"CHE-283715" 0.015343814407924 0.000244080947762 0.000248947450543 6.25958146406492 10.1097697467749
"CHE-123449" 0.009081107886307 0.000243961912918 0.000249433256872 5.9427993751267 9.70479268162423
"CHE-60865" 0.012129348173205 0.000243961912918 0.000247314688226 5.48479693349065 9.70479268162423
"CHE-80945" 0.011587276029705 0.000245396570909 0.000247616255893 7.50714107972761 11.6448305358502
"CHE-286836" 0.014727900071449 0.000264375327891 0.000249190238036 10.2854451788423 14.0122953494353
"CHE-186037" 0.011582957070771 0.000248927886647 0.000249311718538 8.98707181284882 12.7543963457162
"CHE-94509" 0.01124183651377 0.000244677839453 0.000247978614595 7.03614849375054 11.0888889712766
"CHE-286250" 0.015296381372871 0.000264918933644 0.000249008125726 10.2764639036076 14.0347183744248
"CHE-123910" 0.009008098944151 0.000243724104314 0.000249494047724 0 0
"CHE-326682" 0.014873527876081 0.000243961912918 0.000249250971058 5.91079664404053 9.70479268162423
"CHE-98689" 0.010081621317394 0.000244319278959 0.000248704894424 6.72262979485545 10.6196185694864
"CHE-93824" 0.011755771132159 0.000243724104314 0.000247736984251 0 0
"CHE-283654" 0.015343814407924 0.000244080947762 0.000248947450543 6.25958146406492 10.1097697467749
"CHE-78266" 0.011721339581666 0.000246361335564 0.000247555913418 7.94342776787637 12.0928815507572
"CHE-124142" 0.008702994916534 0.000243724104314 0.000249737355692 0 0
"CHE-286131" 0.015296381372871 0.000264918933644 0.000249008125726 10.2764639036076 14.0347183744248
"CHE-185010" 0.011845665589525 0.000249670747463 0.000249190238036 9.09593911166621 12.8820584077288
"CHE-319815" 0.015483919673864 0.000248069208769 0.000249008125726 8.75416074932352 12.5784358821332
"CHE-270714" 0.015599923939913 0.00025487113288 0.000248886789821 9.64736874454047 13.4680671576173
"CHE-119401" 0.011194162225297 0.000249299233347 0.000248099516575 8.81239690526686 12.8185844428191
"CHE-119305" 0.011315112930454 0.000249671203354 0.000248039058351 8.86177531100083 12.8812035024032
"CHE-289184" 0.01306203031461 0.00024384296513 0.000249737355692 5.30330490805908 9.012133305952
"CHE-339154" 0.013481757558428 0.000248805014143 0.000249919988439 9.06566136060674 12.7305289480658
"CHE-123944" 0.00901102763499 0.000248194028435 0.000249494047724 8.8685540405312 12.6070543850108
"CHE-123834" 0.009170210007198 0.000248561891911 0.000249372480476 8.9254543868264 12.6822819794974
"CHE-352916" 0.011727103273983 0.000243724104314 0.000250712899869 0 0
"CHE-319597" 0.015718703417726 0.000248191265313 0.000248947450543 8.77012852753818 12.6053385783955
"CHE-270488" 0.015802876262169 0.000243724104314 0.00024882614356 0 0
"CHE-326443" 0.014873527876081 0.000243961912918 0.000249250971058 5.91079664404053 9.70479268162423
"CHE-353491" 0.011593432837508 0.000244677664317 0.000250773994187 7.53529670244409 11.0885221558418
"CHE-339205" 0.013481757558428 0.000248805014143 0.000249919988439 9.06566136060674 12.7305289480658
"CHE-353257" 0.011592384408215 0.000243724104314 0.000250773994187 0 0
"CHE-270490" 0.01582506780243 0.000254998264371 0.00024882614356 9.64672258271907 13.4781086893691
"CHE-349833" 0.011867599024438 0.00024527610304 0.000250651819997 8.00336305862995 11.5712132408407
"CHE-93685" 0.011755771132159 0.000243724104314 0.000247736984251 0 0
"CHE-326393" 0.015097589612034 0.000244200127898 0.000249190238036 6.59167373200866 10.3972077083992
"CHE-97611" 0.011028126831524 0.000256428497395 0.000248159989265 9.62225132756774 13.5865953828268
"CHE-94378" 0.011368612430644 0.000244917279816 0.000247918185307 7.24494154633701 11.310711356837
"CHE-332636" 0.014310383924366 0.000247820275082 0.000249554853033 8.79437027922287 12.5222692858802
"CHE-78031" 0.012132469291721 0.000249302203012 0.000247374972817 8.6328406149422 12.8185844428191
"CHE-331843" 0.015102647933787 0.000291176486455 0.000249250971058 11.0350348147827 14.6532540633752
"CHE-331855" 0.015102647933787 0.000291176486455 0.000249250971058 11.0350348147827 14.6532540633752
"CHE-121189" 0.01024081646919 0.0002516702141 0.00024864429155 9.27434750195047 13.1548112062702
"CHE-122308" 0.009860150281959 0.000250166859222 0.000248886789821 9.1178960815849 12.9567384528234
"CHE-327125" 0.015032689319534 0.000246241337882 0.000249250971058 8.25971696102152 12.0488221662851
"CHE-77471" 0.012268067136414 0.000243961912918 0.000247314688226 5.48479693349065 9.70479268162423
"CHE-121812" 0.009947980453261 0.000244080947762 0.00024882614356 6.2363695902037 10.1097697467749
"CHE-327040" 0.015257294824348 0.000294935281047 0.000249190238036 11.0873443804772 14.7151587681448
"CHE-270332" 0.016294654384104 0.000255252812915 0.000248704894424 9.64465205464193 13.498828007379
"CHE-326351" 0.015096700587012 0.000243724104314 0.000249190238036 0 0
"CHE-120080" 0.011192207473295 0.000243724104314 0.000248099516575 0 0
"CHE-319574" 0.015709793919061 0.000243724104314 0.000248947450543 0 0
"CHE-34233" 0.013244862046141 0.000243724104314 0.000246652512909 0 0
"CHE-251789" 0.015470313366245 0.000243724104314 0.000248341494134 0 0
"CHE-340039" 0.012964355922454 0.000243724104314 0.000250102751258 0 0
"CHE-340350" 0.013140654982525 0.000248189913809 0.000250041815867 8.95815413520924 12.6053385783955
"CHE-326877" 0.015410045456253 0.000295268335717 0.000249129519473 11.0818501984552 14.7085400323704
"CHE-93577" 0.011895578742235 0.00024384296513 0.000247676612837 4.89034912822175 9.012133305952
"CHE-181213" 0.013165749792981 0.000252425145975 0.00024864429155 9.36263218231844 13.2405694346856
"CHE-325739" 0.015722499041778 0.000296990233496 0.000249008125726 11.0867013724021 14.7311074491867
"CHE-319520" 0.015960468464262 0.000248313411963 0.000248886789821 8.78523362361273 12.6315103011378
"CHE-326308" 0.015565413060224 0.000296302246205 0.00024906881537 11.0871607060702 14.7237957306903
"CHE-285552" 0.0156990317272 0.000265188609742 0.000248886789821 10.265523102717 14.0457059862438
"CHE-325710" 0.015722499041778 0.000296990233496 0.000249008125726 11.0867013724021 14.7311074491867
"CHE-248951" 0.015467746618551 0.000243724104314 0.000248341494134 0 0
"CHE-327166" 0.014811391266984 0.000244438575482 0.000249311718538 7.0184017990692 10.8014513677174
"CHE-283134" 0.016080472927414 0.00024479742804 0.000248765511761 7.32184971378836 11.2061013469901
"CHE-76966" 0.012560859846281 0.000243961912918 0.000247194162457 5.4510384535657 9.70479268162423
"CHE-270210" 0.016294654384104 0.000255252812915 0.000248704894424 9.64465205464193 13.498828007379
"CHE-117834" 0.011276913941367 0.000243961912918 0.000248039058351 5.66642668811243 9.70479268162423
"CHE-284639" 0.01586595549642 0.000243724104314 0.00024882614356 0 0
"CHE-96662" 0.011846760335591 0.000257858783907 0.000247736984251 9.62529365795666 13.6833519369432
"CHE-270200" 0.016294654384104 0.000255252812915 0.000248704894424 9.64465205464193 13.498828007379
"CHE-340564" 0.012976167127465 0.000248067858594 0.000250102751258 8.94023623179847 12.580143401138
"CHE-319467" 0.015960468464262 0.000248313411963 0.000248886789821 8.78523362361273 12.6315103011378
"CHE-350092" 0.011728444480026 0.000243724104314 0.000250712899869 0 0
"CHE-118224" 0.011553823014134 0.000261218580219 0.000247918185307 9.86894786626138 13.8741378924119
"CHE-380878" 0.00923154478717 0.000243724104314 0.000252306044649 0 0
"CHE-332782" 0.013924579156582 0.000247576801317 0.000249676507017 8.75416074932352 12.4635325957924
"CHE-328963" 0.01481310284309 0.000245396394743 0.000249311718538 7.86518795418747 11.6448305358502
"CHE-96106" 0.011972936842904 0.00025825457681 0.000247676612837 9.63645741981521 13.7090116167681
"CHE-355301" 0.011081664464922 0.00024384296513 0.000251018515889 5.49306144334055 9.012133305952
"CHE-340797" 0.012810623260869 0.000244200069748 0.000250163701101 6.75343791859778 10.396963537967
"CHE-117493" 0.011405247748562 0.000244080947762 0.000247978614595 6.05678401322862 10.1097697467749
"CHE-284719" 0.015908042054317 0.000265746448864 0.00024882614356 10.2774963926861 14.0688076860629
"CHE-96196" 0.011831588784508 0.000243961912918 0.000247736984251 5.59471137960184 9.70479268162423
"CHE-270157" 0.016539655659046 0.000255380230158 0.00024864429155 9.64322607566034 13.5090125712549
"CHE-325430" 0.015881804067631 0.000297150771781 0.000248947450543 11.077964602633 14.7314396244454
"CHE-284608" 0.016121678981292 0.000265881872223 0.000248765511761 10.2714930624839 14.0725499009376
"CHE-270192" 0.016294654384104 0.000255252812915 0.000248704894424 9.64465205464193 13.498828007379
"CHE-76618" 0.013033849243293 0.00025066748927 0.000247013482348 8.74369111054302 13.0274943002999
"CHE-93091" 0.012488202880019 0.000246483138679 0.00024743527188 7.9561263512135 12.1383824965602
"CHE-341749" 0.012814945563036 0.000247455228822 0.000250163701101 8.80011394676631 12.4318447391981
"CHE-283076" 0.01634087169906 0.000267296257305 0.000248704894424 10.3160275743163 14.1282666336824
"CHE-76124" 0.013186742533835 0.000243961912918 0.00024695328459 5.37989735354046 9.70479268162423
"CHE-350724" 0.011463928589395 0.000244916636395 0.000250835102948 7.76684053708551 11.3103195648736
"CHE-356241" 0.010960470696372 0.00024384296513 0.00025107968242 5.50125821054473 9.012133305952
"CHE-283047" 0.01634087169906 0.000267296257305 0.000248704894424 10.3160275743163 14.1282666336824
"CHE-92864" 0.012488202880019 0.000246483138679 0.00024743527188 7.9561263512135 12.1383824965602
"CHE-329197" 0.014599631272111 0.000245276396362 0.000249372480476 7.80180040190897 11.5712132408407
"CHE-36246" 0.012286182387808 0.00024384296513 0.000247013482348 4.70953020131233 9.012133305952
"CHE-341016" 0.012649094026371 0.000244080947762 0.000250224665393 6.47543271670409 10.1097697467749
"CHE-324618" 0.016044119372629 0.00029731144062 0.000248886789821 11.0690884833425 14.7335285971838
"CHE-333091" 0.013738729686642 0.000247210534664 0.000249737355692 8.66578559546606 12.365679840039
"CHE-46017" 0.013569032701964 0.000252165754661 0.000246712638297 8.8394216076206 13.2125148192262
"CHE-282990" 0.01634087169906 0.000267296257305 0.000248704894424 10.3160275743163 14.1282666336824
"CHE-115221" 0.012032501246663 0.000263122952571 0.000247676612837 9.90673228270102 13.9625295821669
"CHE-95139" 0.012502971818021 0.000258773898735 0.00024743527188 9.60784051043005 13.7398382860083
"CHE-313483" 0.016368192555705 0.000309769598478 0.000248765511761 11.2130223522215 14.8757513194852
"CHE-115532" 0.011890303112871 0.000244438575482 0.000247736984251 6.69084227741856 10.8014513677174
"CHE-270040" 0.016539655659046 0.000255380230158 0.00024864429155 9.64322607566034 13.5090125712549
"CHE-114820" 0.012011220623459 0.00024384296513 0.000247676612837 4.89034912822175 9.012133305952
"CHE-282977" 0.01634087169906 0.000267296257305 0.000248704894424 10.3160275743163 14.1282666336824
"CHE-75861" 0.013532594352072 0.000251291898881 0.000246832932496 8.77168035901038 13.109067376032
"CHE-75936" 0.01335195185225 0.000243724104314 0.000246893101306 0 0
"CHE-33320" 0.013604629952075 0.000244438750276 0.000246532305558 6.33682573114644 10.8019401262804
"CHE-327947" 0.013985823244015 0.000243961912918 0.000249554853033 5.96357934361845 9.70479268162423
"CHE-333564" 0.013208780522362 0.000246846805861 0.000249919988439 8.58615939588096 12.2579627617841
"CHE-313507" 0.016111737373182 0.00024708771409 0.00024882614356 8.46821300919452 12.3315416240647
"CHE-40244" 0.014504745335992 0.000243961912918 0.000246352103097 5.17614973257383 9.70479268162423
"CHE-313619" 0.015862703697688 0.000246844547991 0.000248886789821 8.40581460343285 12.2579627617841
"CHE-43391" 0.013889829475424 0.000245757890494 0.000246592401996 7.39817409297047 11.8375130726179
"CHE-342974" 0.012352965976643 0.000246846924698 0.000250346637327 8.65189889426853 12.2579627617841
"CHE-343162" 0.012352965976643 0.000246846924698 0.000250346637327 8.65189889426853 12.2579627617841
"CHE-329554" 0.013993456984277 0.000244916928859 0.000249554853033 7.57095858316901 11.3103195648736
"CHE-333771" 0.013040769093822 0.000246725741302 0.000249980894927 8.55660619377307 12.2192356320565
"CHE-351432" 0.010964924004683 0.000244438575482 0.00025107968242 7.28961052145117 10.8014513677174
"CHE-114549" 0.012157063811248 0.000263395003637 0.000247616255893 9.9045370016717 13.9720595025115
"CHE-31129" 0.014376890427907 0.000244319278959 0.000246292064562 6.06610809010375 10.6196185694864
"CHE-270020" 0.016791861964509 0.000281680546518 0.000248583703138 10.7152396531352 14.5289210440056
"CHE-351560" 0.010846600719757 0.000244319278959 0.000251140863392 7.11558212618445 10.6196185694864
"CHE-114041" 0.012135197100806 0.000243961912918 0.000247616255893 5.56452040732269 9.70479268162423
"CHE-343288" 0.012205899418866 0.000246725860022 0.000250407644966 8.62173337069016 12.2192356320565
"CHE-36625" 0.012287507301511 0.000244200069748 0.000247013482348 6.08904487544685 10.396963537967
"CHE-42600" 0.014279647151381 0.000245998683289 0.000246472223596 7.4667994750186 11.9477551817083
"CHE-334122" 0.012716619648448 0.000246362430486 0.000250102751258 8.44784311328144 12.0928815507572
"CHE-312574" 0.016679000398474 0.000310112494782 0.00024864429155 11.1934499620206 14.8629214778441
"CHE-75381" 0.013706823672506 0.000251416346819 0.000246772778159 8.76826314537129 13.1245649521592
"CHE-91839" 0.013067939266896 0.000262416785667 0.000247194162457 9.74408142031291 13.9287017338173
"CHE-343444" 0.012062151544379 0.000246604884388 0.000250468667054 8.58988587680968 12.1789069774574
"CHE-334298" 0.012560206009425 0.000246241722208 0.000250163701101 8.41072094690572 12.0472996324952
"CHE-314622" 0.015158401974805 0.000246481627985 0.00024906881537 8.31752199628717 12.1368404596955
"CHE-75280" 0.013706823672506 0.000251416346819 0.000246772778159 8.76826314537129 13.1245649521592
"CHE-313873" 0.015615066902682 0.000243724104314 0.000248947450543 0 0
"CHE-75034" 0.013885409826077 0.000251794140673 0.000246712638297 8.79497643168877 13.1705362082056
"CHE-31067" 0.014376890427907 0.000244319278959 0.000246292064562 6.06610809010375 10.6196185694864
"CHE-89917" 0.013019990223898 0.00024384296513 0.000247194162457 4.76217393479776 9.012133305952
"CHE-91430" 0.013215844837863 0.000262549642492 0.000247133921282 9.73346999019834 13.9349562107066
"CHE-36514" 0.012595610880987 0.000244438575482 0.000246893101306 6.45676965557216 10.8014513677174
"CHE-316215" 0.013916264931487 0.000245637361886 0.000249433256872 8.01994168767737 11.7781778624558
"CHE-177723" 0.015619466836239 0.000255355143476 0.000247857770486 9.47062555357101 13.5090125712549
"CHE-344505" 0.011649338441397 0.000246000158563 0.000250651819997 8.38274709486331 11.949617885495
"CHE-39768" 0.014936895077598 0.000244200069748 0.000246232040503 5.82008293035236 10.396963537967
"CHE-260070" 0.016802936212744 0.000245999804496 0.000248523129191 8.01994168767737 11.9477551817083
"CHE-260048" 0.017084619261221 0.000381281194044 0.000248462569707 11.6773291172617 15.189425610652
"CHE-249993" 0.016221260845151 0.000244200127898 0.000248159989265 6.38519439899773 10.3972077083992
"CHE-90246" 0.01319153452085 0.000244319366271 0.000247133921282 6.34738920965601 10.6199117100006
"CHE-90285" 0.013020320842036 0.000244080947762 0.000247194162457 5.85507192220243 10.1097697467749
"CHE-74732" 0.013695657254658 0.000243961912918 0.000246772778159 5.32300997913841 9.70479268162423
"CHE-260080" 0.016802936212744 0.000245999804496 0.000248523129191 8.01994168767737 11.9477551817083
"CHE-259922" 0.017084619261221 0.000381281194044 0.000248462569707 11.6773291172617 15.189425610652
"CHE-251372" 0.015963884726898 0.000244080976809 0.000248220476422 6.11146733950268 10.1099324542273
"CHE-316910" 0.013543988245588 0.000245156427372 0.000249554853033 7.75319426988434 11.4916609696655
"CHE-335072" 0.012111656362015 0.000245638450382 0.000250346637327 8.16650031915505 11.7781778624558
"CHE-345715" 0.011516778222003 0.000245156691104 0.000250712899869 7.93200315236138 11.4916609696655
"CHE-41515" 0.014675577434958 0.00025562770436 0.000246352103097 9.04180337015285 13.529544345915
"CHE-36189" 0.012595146784737 0.000244080947762 0.000246893101306 5.76519110278484 10.1097697467749
"CHE-113013" 0.012815706269761 0.000264482615394 0.000247314688226 9.87513951702064 14.0179582191418
"CHE-259831" 0.017164472638107 0.000381519216589 0.000248402024688 11.6659297736794 15.1759346508295
"CHE-344932" 0.011385430978253 0.000244200069748 0.000250773994187 6.84268328223842 10.396963537967
"CHE-317014" 0.013543988245588 0.000245156427372 0.000249554853033 7.75319426988434 11.4916609696655
"CHE-335629" 0.011968570103084 0.000245277422997 0.000250407644966 7.96797317966293 11.5725707838967
"CHE-41388" 0.014675577434958 0.00025562770436 0.000246352103097 9.04180337015285 13.529544345915
"CHE-346978" 0.011135633756553 0.000244677664317 0.000250896226153 7.5522372875608 11.0885221558418
"CHE-248430" 0.016219464939543 0.000244200127898 0.000248159989265 6.38519439899773 10.3972077083992
"CHE-31961" 0.014381326012951 0.000245638185612 0.000246292064562 7.22766249872865 11.7790365474939
"CHE-110379" 0.013016189321775 0.00024384296513 0.000247194162457 4.76217393479776 9.012133305952
"CHE-347379" 0.010894362924109 0.000244319337167 0.000251018515889 7.09920174355309 10.6196185694864
"CHE-88964" 0.01349293282151 0.000243724104314 0.000247013482348 0 0
"CHE-260104" 0.016802936212744 0.000245999804496 0.000248523129191 8.01994168767737 11.9477551817083
"CHE-40943" 0.015043384504801 0.00027687454937 0.000246232040503 9.94025333172645 14.3937215218307
"CHE-111804" 0.013071104001631 0.000243961912918 0.000247194162457 5.4510384535657 9.70479268162423
"CHE-337195" 0.011690040097237 0.000244080947762 0.000250529703588 6.5206211275587 10.1097697467749
"CHE-317680" 0.013020238185927 0.000244797223515 0.000249737355692 7.49609734517596 11.2054487651903
"CHE-111578" 0.013071104001631 0.000243961912918 0.000247194162457 5.4510384535657 9.70479268162423
"CHE-335803" 0.011690306621182 0.000244319366271 0.000250529703588 7.03085747611612 10.6199117100006
"CHE-260105" 0.016802936212744 0.000245999804496 0.000248523129191 8.01994168767737 11.9477551817083
"CHE-39199" 0.015162436191722 0.000244319278959 0.00024617203092 6.01859321449623 10.6196185694864
"CHE-260142" 0.016802936212744 0.000245999804496 0.000248523129191 8.01994168767737 11.9477551817083
"CHE-256606" 0.017031983756918 0.000245036780606 0.000248341494134 7.43543801981455 11.4055406796381
"CHE-260622" 0.016530124560251 0.000245879362785 0.000248583703138 7.97831096986772 11.8946168714933
"CHE-256883" 0.016749283398528 0.000244797135862 0.000248402024688 7.24779258176785 11.2054487651903
"CHE-260760" 0.016530124560251 0.000245879362785 0.000248583703138 7.97831096986772 11.8946168714933
"CHE-262333" 0.016265514096515 0.000245638273868 0.00024864429155 7.87283617502572 11.7790365474939
"CHE-265291" 0.016007492536731 0.00024479728195 0.000248704894424 7.30988148582479 11.2054487651903
"CHE-39135" 0.015162436191722 0.000244319278959 0.00024617203092 6.01859321449623 10.6196185694864
"CHE-36113" 0.01291842371296 0.000245036897706 0.000246772778159 7.02375895473844 11.4051397887641
"CHE-107073" 0.01369826417413 0.000266847045381 0.00024695328459 9.8695687593325 14.1117841176672
"CHE-257065" 0.016208569757701 0.000243724104314 0.000248523129191 0 0
"CHE-105460" 0.014345566583433 0.000267535755678 0.000246712638297 9.82016028994637 14.1335860357358
"CHE-261243" 0.016261645193261 0.00024384296513 0.00024864429155 5.10594547390058 9.012133305952
"CHE-262876" 0.015755834498441 0.000244319308063 0.000248765511761 6.73459165997295 10.6196185694864
"CHE-38015" 0.015515369747677 0.000243961912918 0.000246052055185 5.05624580534831 9.70479268162423
"CHE-176669" 0.016312603892437 0.00025639326802 0.000247676612837 9.5078490052457 13.5885447109763
"CHE-107177" 0.013514270371066 0.000244438692011 0.000247013482348 6.49375383985169 10.8017772333007
"CHE-257317" 0.016210363251241 0.000244558105205 0.000248523129191 7.02197642307216 10.9551130499799
"CHE-252293" 0.017786681235962 0.000390605285836 0.000247918185307 11.5996626377026 15.1984738773195
"CHE-70892" 0.015054536913343 0.000253055356569 0.000246352103097 8.80821966511841 13.3056045112577
"CHE-70500" 0.015267289218733 0.000253181120169 0.000246292064562 8.79830371848498 13.3181702637003
"CHE-109202" 0.012988986909685 0.000243724104314 0.000247194162457 0 0
"CHE-257748" 0.015953330092368 0.000244438721143 0.000248583703138 6.880384082186 10.8017772333007
"CHE-246777" 0.017631711290399 0.000246970903673 0.000247857770486 8.22335889947926 12.2964707809735
"CHE-246756" 0.017939612343433 0.000399526567835 0.000247797370134 11.6072260443905 15.227285513818
"CHE-37938" 0.015947375991851 0.00027867820928 0.000245932137359 9.86094532927045 14.4344889952932
"CHE-83620" 0.015016784972965 0.00024384296513 0.000246412156109 4.51085950651685 9.012133305952
"CHE-257768" 0.015703118420347 0.00024384296513 0.00024864429155 5.10594547390058 9.012133305952
"CHE-257936" 0.015703118420347 0.00024384296513 0.00024864429155 5.10594547390058 9.012133305952
"CHE-252720" 0.016890876373773 0.000244319278959 0.000248099516575 6.59441345974978 10.6196185694864
"CHE-85339" 0.014727477048904 0.000244080947762 0.000246532305558 5.64544689764324 10.1097697467749
"CHE-246416" 0.018145544786584 0.000400617548728 0.000247616255893 11.5670442638577 15.209062518878
"CHE-30760" 0.014800062057793 0.000246605803569 0.00024617203092 7.58528107863913 12.1810009611011
"CHE-253385" 0.01661145712689 0.000244200069748 0.000248159989265 6.38519439899773 10.396963537967
"CHE-245575" 0.018145544786584 0.000400617548728 0.000247616255893 11.5670442638577 15.209062518878
"CHE-70459" 0.015267289218733 0.000253181120169 0.000246292064562 8.79830371848498 13.3181702637003
"CHE-245352" 0.018214273027601 0.000400875162666 0.000247555913418 11.5527709828924 15.2086817195971
"CHE-245324" 0.018214273027601 0.000400875162666 0.000247555913418 11.5527709828924 15.2086817195971
"CHE-34568" 0.014588208516782 0.000246239475393 0.000246232040503 7.4759059693674 12.0468541459697
"CHE-245356" 0.018214273027601 0.000400875162666 0.000247555913418 11.5527709828924 15.2086817195971
"CHE-254220" 0.015824579406443 0.00024384296513 0.000248341494134 5.04342511691925 9.012133305952
"CHE-83599" 0.015245443463265 0.000294534820952 0.000246352103097 10.3551044266654 14.6997598002776
"CHE-196145" 0.018058154123836 0.000258124113524 0.000247495585414 9.58128304604592 13.6998639884379
"CHE-174854" 0.01788267708297 0.000257428913974 0.000247314688226 9.48804786328076 13.657990876084
"CHE-82180" 0.01516608003786 0.000244319278959 0.000246352103097 6.08904487544685 10.6196185694864
"CHE-196073" 0.018352317975608 0.000441989569391 0.00024743527188 11.6554748232375 15.3298506680404
"CHE-195658" 0.018414767727918 0.000443379219804 0.000247314688226 11.6269771031695 15.2464024971104
"CHE-70446" 0.01548590714496 0.000253306977551 0.000246232040503 8.7876782390395 13.3305670829124
"CHE-29795" 0.016173101868462 0.000250044132607 0.000245812277442 8.20001364817543 12.9381905079882
"CHE-195711" 0.018352317975608 0.000441989569391 0.00024743527188 11.6554748232375 15.3298506680404
"CHE-174731" 0.018172716116656 0.000257823484564 0.000247254418106 9.49814743661612 13.6843557675535
"CHE-174725" 0.018172716116656 0.000257823484564 0.000247254418106 9.49814743661612 13.6843557675535
"CHE-195372" 0.018414767727918 0.000443379219804 0.000247314688226 11.6269771031695 15.2464024971104
"CHE-196383" 0.017496342488132 0.000257865235429 0.000247616255893 9.59499034037043 13.6838585410635
"CHE-37307" 0.016742242121718 0.000279573216695 0.000245692475437 9.76944174190706 14.4540378645696
"CHE-28658" 0.016585464469827 0.000244080947762 0.000245692475437 5.29330482472449 10.1097697467749
"CHE-206240" 0.015258713685229 0.000243724104314 0.000248159989265 0 0
"CHE-206613" 0.015258713685229 0.000243724104314 0.000248159989265 0 0
"CHE-68796" 0.016440881763527 0.000311368896691 0.000245872200162 10.3859445655017 14.8742379129335
"CHE-197164" 0.017227621311517 0.000257603155243 0.000247676612837 9.59240037163802 13.6665255132412
"CHE-67254" 0.016748736291106 0.000312298152005 0.000245752369201 10.3398374442253 14.8821607922257
"CHE-173299" 0.018410387372144 0.000500847729348 0.000246893101306 11.6351165486695 15.252124389459
"CHE-28208" 0.017152343080313 0.000289390065638 0.000245572731345 9.914081240747 14.6287438977321
"CHE-67249" 0.016748736291106 0.000312298152005 0.000245752369201 10.3398374442253 14.8821607922257
"CHE-190846" 0.018114534021056 0.000245036780606 0.000247314688226 7.18614430452233 11.4051397887641
"CHE-172350" 0.018354699420543 0.000503854573469 0.000246652512909 11.5631907311178 15.2535787230085
"CHE-202807" 0.015738666011848 0.000244080976809 0.000248039058351 6.07073772800249 10.1099324542273
"CHE-172140" 0.018354699420543 0.000503854573469 0.000246652512909 11.5631907311178 15.2535787230085
"CHE-207367" 0.015761161915008 0.00025564777794 0.000248039058351 9.53423382639054 13.5290437467833
"CHE-191888" 0.016898739391942 0.000244319278959 0.000247555913418 6.46302945692067 10.6196185694864
"CHE-172071" 0.017993122083026 0.000243724104314 0.000246592401996 0 0
"CHE-228130" 0.014105138644366 0.000244200127898 0.000248523129191 6.46302945692067 10.3972077083992
"CHE-192295" 0.016619062088524 0.000244200069748 0.000247616255893 6.25575004175337 10.396963537967
"CHE-209169" 0.014887995238164 0.000244080947762 0.000248280978045 6.12468339089421 10.1097697467749
"CHE-237370" 0.013371842849878 0.00024384296513 0.000248765511761 5.12989871492307 9.012133305952
"CHE-228018" 0.014105138644366 0.000244200127898 0.000248523129191 6.46302945692067 10.3972077083992
"CHE-165680" 0.017946126620379 0.000245036897706 0.000246412156109 6.89871453432999 11.4051397887641
"CHE-192503" 0.016619062088524 0.000244200069748 0.000247616255893 6.25575004175337 10.396963537967
"CHE-12907" 0.013677482169591 0.000244080947762 0.00024521384656 5.01727983681492 10.1097697467749
"CHE-230265" 0.014113097449871 0.000249180746918 0.000248523129191 8.88197518424887 12.8023509321218
"CHE-12328" 0.013139350143501 0.000243724104314 0.000245393223797 0 0
"CHE-227729" 0.014306091772428 0.000249801595905 0.000248462569707 8.97474461272273 12.9017665803567
"CHE-230327" 0.013920326323398 0.000245999715979 0.000248583703138 8.0323601479245 11.9477551817083
"CHE-154761" 0.01790679908327 0.000246605240199 0.000246292064562 7.63288550539513 12.1793589920117
"CHE-236505" 0.01392146015822 0.000246725681942 0.000248583703138 8.30671904320269 12.2192356320565
"CHE-213245" 0.014500130791038 0.000247944424666 0.000248402024688 8.60538720215215 12.5507610369227
"CHE-238550" 0.013375330959554 0.000246241692645 0.000248765511761 8.16876982367527 12.0468541459697
"CHE-17773" 0.016521136744426 0.000245878625871 0.000245393223797 6.91671502035361 11.8941798443633
"CHE-15656" 0.016034586548459 0.006247620208051 0.000245034599638 11.3861029460131 12.8901689905697
"CHE-18255" 0.015749119823082 0.000243724104314 0.000245572731345 0 0
"CHE-11769" 0.013866915473341 0.000244319366271 0.000245154083106 5.48479693349065 10.6199117100006
"CHE-17565" 0.016793649363995 0.000245999066859 0.000245333416905 6.93439720992856 11.9477551817083
"CHE-127580" 0.017762958472264 0.000249544863507 0.000245992089034 8.20220843643645 12.860146302104
"CHE-127637" 0.017762958472264 0.000249544863507 0.000245992089034 8.20220843643645 12.860146302104
"CHE-242353" 0.012391626136604 0.000243724104314 0.000249129519473 0 0
"CHE-20250" 0.015510852302806 0.000244917104337 0.000245632596152 6.46302945692067 11.3103195648736
"CHE-18361" 0.015509444805735 0.000244200069748 0.000245632596152 5.54907608489522 10.396963537967
"CHE-20419" 0.015510852302806 0.000244917104337 0.000245632596152 6.46302945692067 11.3103195648736
"CHE-230765" 0.013548014201965 0.000244677430803 0.000248704894424 7.19218205871325 11.0881552058041
"CHE-11232" 0.014260187586475 0.000245157159964 0.000245034599638 6.2709884318583 11.4928860096325
"CHE-234435" 0.0133685308304 0.000244677605939 0.000248765511761 7.20414929203594 11.0881552058041
"CHE-156412" 0.01729889298893 0.000245637626654 0.000246412156109 7.27309259599952 11.7773798513027
"CHE-20451" 0.015510852302806 0.000244917104337 0.000245632596152 6.46302945692067 11.3103195648736
"CHE-234572" 0.013193401369515 0.000244558134366 0.00024882614356 7.0825485693553 10.9551130499799
"CHE-13889" 0.015331427183196 0.006369802601339 0.000244855483035 11.240998624463 12.8291460134539
"CHE-9977" 0.014888913893295 0.000245758420551 0.000244855483035 6.4723462945009 11.8383223095228
"CHE-9905" 0.015110102624929 0.008195836946401 0.00024479580646 11.1958695065122 12.8130135794415
"CHE-194655" 0.015831236395634 0.000243724104314 0.000247797370134 0 0
"CHE-231749" 0.01319289217657 0.000244438575482 0.00024882614356 6.92853781816467 10.8014513677174
"CHE-10249" 0.01467095851216 0.000243961912918 0.000244915174089 4.39444915467244 9.70479268162423
"CHE-156578" 0.01729889298893 0.000245637626654 0.000246412156109 7.27309259599952 11.7773798513027
"CHE-18653" 0.015509444805735 0.000244200069748 0.000245632596152 5.54907608489522 10.396963537967
"CHE-216052" 0.014104556645165 0.000247700766846 0.000248523129191 8.57187075270693 12.4929118628794
"CHE-234792" 0.013193401369515 0.000244558134366 0.00024882614356 7.0825485693553 10.9551130499799
"CHE-128674" 0.017180432233205 0.000249298839417 0.000246112035815 8.21093973337902 12.8185844428191
"CHE-8727" 0.014471228643296 0.008405220990513 0.000244616863619 11.015032519116 12.2387914980929
"CHE-8780" 0.014471228643296 0.008405220990513 0.000244616863619 11.015032519116 12.2387914980929
"CHE-129014" 0.016902847771354 0.000249175963789 0.00024617203092 8.21365270303 12.7971040405972
"CHE-20946" 0.015510852302806 0.000244917104337 0.000245632596152 6.46302945692067 11.3103195648736
"CHE-169549" 0.016475615927768 0.00024384296513 0.000246712638297 4.61512051684126 9.012133305952
"CHE-157529" 0.01700903112379 0.000245517451072 0.000246472223596 7.23056315340929 11.7146410688708
"CHE-6224" 0.013511554981686 0.00024384296513 0.000244438051103 3.2188758248682 9.012133305952
"CHE-21186" 0.015510852302806 0.000244917104337 0.000245632596152 6.46302945692067 11.3103195648736
"CHE-159994" 0.016454599425573 0.000244797077426 0.000246592401996 6.76272950693188 11.2054487651903
"CHE-157930" 0.016451431779899 0.000244080947762 0.000246592401996 5.66642668811243 10.1097697467749
"CHE-160732" 0.016454599425573 0.000244797077426 0.000246592401996 6.76272950693188 11.2054487651903
"CHE-19491" 0.015044046562461 0.000243961912918 0.000245752369201 4.91998092582813 9.70479268162423
"CHE-217632" 0.013914471117805 0.000247579072603 0.000248583703138 8.55352512066363 12.4652317790487
"CHE-19533" 0.015044046562461 0.000243961912918 0.000245752369201 4.91998092582813 9.70479268162423
"CHE-21783" 0.015047799323546 0.000244558221848 0.000245752369201 6.16751649088834 10.9556718848238
"CHE-19864" 0.014821345338792 0.00024384296513 0.000245812277442 4.26267987704132 9.012133305952
"CHE-161225" 0.015934181188188 0.000244558046884 0.000246712638297 6.55250788703459 10.9551130499799
"CHE-130326" 0.015873568689366 0.000248561681048 0.000246412156109 8.18896686364888 12.6831511884479
"CHE-220163" 0.013727970656546 0.000246603757659 0.00024864429155 8.27817429094374 12.1789069774574
"CHE-4674" 0.012997012144697 0.009355172712635 0.000244140319857 10.2578347894657 11.8083375834839
"CHE-23969" 0.014825630776014 0.000244200098823 0.000245812277442 5.63835466933375 10.396963537967
"CHE-132620" 0.01563417106878 0.000248069658831 0.000246472223596 8.1056094022999 12.5826443299834
"CHE-218137" 0.013540143455542 0.000244438575482 0.000248704894424 6.90475076996184 10.8014513677174
"CHE-22014" 0.014825202120777 0.000243961912918 0.000245812277442 4.94875989037817 9.70479268162423
"CHE-22111" 0.014825202120777 0.000243961912918 0.000245812277442 4.94875989037817 9.70479268162423
"CHE-22120" 0.014608678309923 0.000243724104314 0.000245872200162 0 0
"CHE-22231" 0.014608678309923 0.000243724104314 0.000245872200162 0 0
"CHE-22962" 0.014608886419648 0.00024384296513 0.000245872200162 4.29045944114839 9.012133305952
"CHE-23553" 0.014398590328163 0.000243724104314 0.000245932137359 0 0
"CHE-142628" 0.015168098921741 0.000245757684361 0.000246592401996 7.39817409297047 11.8375130726179
"CHE-22425" 0.014608678309923 0.000243724104314 0.000245872200162 0 0
"CHE-23713" 0.014398590328163 0.000243724104314 0.000245932137359 0 0
"CHE-133307" 0.015167650234429 0.000245637244211 0.000246592401996 7.3375877435386 11.7773798513027
"CHE-23217" 0.014398590328163 0.000243724104314 0.000245932137359 0 0
"CHE-143170" 0.014728164472881 0.000245517245342 0.000246712638297 7.31388683163346 11.713757965523
"CHE-219758" 0.012684139568826 0.00024384296513 0.000249008125726 5.17614973257383 9.012133305952
"CHE-26060" 0.01439960122021 0.00024384296513 0.000245932137359 4.31748811353631 9.012133305952
"CHE-223415" 0.012541849479461 0.000245156427372 0.00024906881537 7.66715825531915 11.4916609696655
"CHE-134507" 0.014516294558336 0.000245276983009 0.000246772778159 7.19067603433221 11.5712132408407
"CHE-145601" 0.014311831858654 0.000245156866926 0.000246832932496 7.13009851012558 11.4916609696655
"CHE-149934" 0.013542065577667 0.000244080947762 0.000247073694578 5.82008293035236 10.1097697467749
"CHE-151058" 0.013185555676989 0.00024384296513 0.000247194162457 4.76217393479776 9.012133305952
"CHE-147188" 0.013542244407469 0.000244080947762 0.000247073694578 5.82008293035236 10.1097697467749
"CHE-135451" 0.014109165454214 0.000243724104314 0.000246893101306 0 0
"CHE-225948" 0.01153595212383 0.000243724104314 0.000249494047724 0 0
"CHE-152538" 0.013014000678936 0.000243724104314 0.000247254418106 0 0
