"Salmo.trutta" "Phoxinus.phoxinus" "Parachondrostoma.miegii" "Luciobarbus.graellsii" "Salaria.fluviatilis" "Cobitis.calderoni" "Barbus.haasi" "Gobio.lozanoi" "Phoxinus.bigerri" "Achondrostoma.arcasii" "Squalius.laietanus" "Anguilla.anguilla" "Cobitis.paludica"
"CHE-373605" 1 1 1 1 1 1 0 0 0 0 0 0 0
"CHE-362099" 1 1 0 0 0 0 0 0 0 0 0 0 0
"CHE-373534" 1 1 0 0 0 1 1 0 0 0 0 0 0
"CHE-297571" 1 0 0 0 0 0 0 0 0 0 0 0 0
"CHE-282069" 1 1 0 0 0 0 0 0 0 0 0 0 0
"CHE-274427" 1 0 0 0 0 0 0 0 0 0 0 0 0
"CHE-373214" 1 0 0 1 0 0 1 1 1 0 0 0 0
"CHE-281186" 1 0 0 0 0 0 0 0 0 0 0 0 0
"CHE-295159" 1 1 0 0 0 0 0 0 0 1 0 0 0
"CHE-361800" 1 1 1 0 0 0 0 0 0 0 0 0 0
"CHE-281173" 1 0 0 0 0 0 0 0 0 0 0 0 0
"CHE-364587" 1 1 1 1 0 0 0 0 0 0 0 0 0
"CHE-360340" 1 1 0 0 0 0 0 0 0 0 1 0 0
"CHE-274595" 1 1 0 0 0 0 0 0 0 0 0 0 0
"CHE-389580" 1 0 0 0 0 0 0 0 1 0 0 0 0
"CHE-282775" 1 1 1 0 0 0 0 0 0 0 0 0 0
"CHE-297388" 1 1 0 0 0 0 1 0 0 0 0 0 0
"CHE-297899" 1 1 1 0 0 0 0 0 0 0 0 0 0
"CHE-274327" 1 1 1 1 0 0 0 0 0 0 0 0 0
"CHE-282626" 1 1 1 0 0 0 0 0 0 1 0 0 0
"CHE-297365" 1 1 1 1 0 0 1 0 0 0 0 0 0
"CHE-274206" 1 1 1 1 0 0 0 0 0 0 0 0 0
"CHE-280936" 1 1 1 1 0 0 0 0 0 0 0 0 0
"CHE-295852" 1 1 0 0 0 0 0 0 1 0 0 0 0
"CHE-360317" 1 1 1 0 0 0 0 0 0 0 0 0 0
"CHE-297236" 1 1 1 1 0 0 0 0 0 0 0 0 0
"CHE-281913" 1 1 0 0 0 0 0 0 0 0 0 0 0
"CHE-371131" 0 1 1 0 0 0 0 0 0 1 0 0 0
"CHE-274168" 1 1 1 1 0 0 0 0 0 0 0 0 0
"CHE-274162" 1 1 1 1 0 0 0 0 0 0 0 0 0
"CHE-372384" 1 0 0 0 0 0 0 0 1 0 0 0 0
"CHE-282622" 1 1 1 0 0 0 0 0 0 1 0 0 0
"CHE-281762" 1 1 1 0 0 0 0 0 0 0 0 0 0
"CHE-275604" 1 0 0 0 0 0 0 0 0 0 0 0 0
"CHE-282284" 1 1 1 1 0 0 0 0 0 0 0 0 0
"CHE-280745" 1 1 1 0 0 0 0 0 0 0 0 0 0
"CHE-282333" 1 1 1 1 0 0 0 0 0 0 0 0 0
"CHE-274025" 1 1 1 1 0 0 0 0 0 0 0 0 0
"CHE-364448" 1 0 1 0 0 0 0 0 1 0 0 0 0
"CHE-302423" 1 0 0 0 0 0 0 0 0 0 0 0 0
"CHE-362413" 1 0 0 0 0 0 0 0 0 0 0 0 0
"CHE-372352" 0 1 0 1 0 1 0 0 0 0 0 0 0
"CHE-361711" 1 1 1 1 0 0 0 0 0 1 0 1 0
"CHE-292556" 1 1 0 0 0 0 0 0 0 0 0 0 0
"CHE-292142" 1 0 0 0 0 0 0 0 1 0 0 0 0
"CHE-275184" 1 1 1 1 0 0 0 0 0 0 0 0 0
"CHE-274908" 0 1 1 1 0 1 0 0 0 0 0 0 0
"CHE-275022" 1 1 1 1 0 0 0 0 0 0 0 0 0
"CHE-275419" 0 0 1 1 0 1 0 0 0 0 0 0 0
"CHE-295562" 1 1 1 1 0 0 1 0 0 0 0 0 0
"CHE-296774" 1 1 1 1 0 0 1 0 0 0 0 0 0
"CHE-370908" 0 1 1 1 0 0 0 0 0 0 1 0 0
"CHE-276381" 1 0 0 0 0 0 0 0 1 0 0 0 0
"CHE-274818" 0 1 1 1 0 0 0 0 0 0 0 0 0
"CHE-275591" 0 0 1 1 0 0 0 0 0 0 0 0 0
"CHE-367416" 1 1 1 0 0 0 1 0 0 0 0 0 0
"CHE-360207" 0 1 0 0 0 0 0 1 0 0 0 0 0
"CHE-281617" 1 1 1 1 0 0 0 0 0 0 0 0 0
"CHE-362287" 1 1 1 0 0 0 0 0 0 0 0 0 0
"CHE-302238" 1 1 0 0 0 0 0 0 0 0 0 0 0
"CHE-362705" 1 1 1 0 0 0 0 0 0 1 0 0 0
"CHE-364227" 1 0 1 0 0 0 0 0 1 0 0 0 0
"CHE-280500" 1 1 1 1 0 0 0 0 0 0 0 0 0
"CHE-276104" 0 0 1 1 0 0 0 0 0 0 0 0 0
"CHE-388261" 1 0 0 1 0 0 0 1 1 0 0 0 0
"CHE-302061" 1 0 0 0 0 0 1 0 1 0 0 0 0
"CHE-301946" 1 0 0 0 0 0 0 0 0 0 0 0 0
"CHE-364127" 1 1 1 1 0 0 0 0 0 0 0 1 0
"CHE-362928" 1 1 1 1 0 0 0 0 0 0 0 1 0
"CHE-304862" 1 0 0 0 0 0 0 0 0 0 0 0 0
"CHE-296647" 1 1 0 0 0 0 0 0 0 0 0 0 0
"CHE-291906" 1 1 1 0 0 0 0 0 0 0 0 0 0
"CHE-361686" 1 1 1 1 0 0 0 0 1 1 0 0 0
"CHE-296613" 1 1 1 1 0 0 1 0 0 0 0 0 0
"CHE-301803" 1 1 0 1 0 0 1 0 0 0 0 0 0
"CHE-273832" 1 1 1 1 0 0 0 0 0 0 0 0 0
"CHE-276738" 1 0 1 1 0 0 0 0 1 1 0 0 0
"CHE-368420" 1 1 0 0 0 0 0 0 0 0 0 0 0
"CHE-304624" 1 0 0 0 0 0 0 0 0 0 0 0 0
"CHE-362961" 0 1 1 0 0 0 0 0 0 0 0 0 0
"CHE-369346" 1 0 0 0 0 0 0 0 0 0 0 0 0
"CHE-301800" 1 1 0 0 0 0 0 0 0 0 0 0 0
"CHE-275544" 1 1 0 0 0 0 0 0 0 0 0 0 0
"CHE-280349" 1 1 1 1 0 0 0 1 1 0 0 0 0
"CHE-276910" 1 1 1 1 0 0 1 0 0 1 0 0 0
"CHE-360062" 0 1 1 1 0 1 0 0 0 1 0 0 0
"CHE-301574" 1 1 0 0 0 0 1 0 0 0 0 0 0
"CHE-308158" 1 0 0 0 0 0 0 0 0 0 0 0 0
"CHE-367165" 1 1 1 0 0 0 1 0 0 0 0 0 0
"CHE-363812" 1 1 1 1 0 1 0 0 0 0 0 0 0
"CHE-294693" 1 1 1 1 0 0 1 0 0 0 0 0 0
"CHE-277989" 0 1 1 0 0 0 0 0 0 1 0 0 0
"CHE-300540" 0 1 0 0 0 0 1 0 0 0 0 0 0
"CHE-363228" 0 0 0 0 0 0 0 0 1 0 0 0 0
"CHE-361212" 1 1 1 1 0 0 0 0 0 1 0 0 0
"CHE-360678" 0 0 1 1 0 0 0 0 0 1 0 0 0
"CHE-273389" 1 1 1 1 0 1 0 1 1 0 0 0 0
"CHE-360474" 0 0 0 0 0 0 0 0 0 1 0 0 0
"CHE-359946" 0 0 0 0 0 0 0 0 0 1 0 0 0
"CHE-291540" 1 1 1 1 0 0 0 0 0 0 0 0 0
"CHE-281438" 1 1 1 1 0 0 0 0 0 0 0 0 0
"CHE-189928" 1 0 0 0 0 0 0 0 0 0 0 0 0
"CHE-301338" 1 1 1 1 0 0 1 0 0 0 0 0 0
"CHE-370341" 1 1 1 1 1 0 0 1 1 0 0 0 1
"CHE-294542" 1 1 1 0 0 0 0 0 0 0 0 0 0
"CHE-280152" 0 1 1 0 0 0 0 0 0 0 0 0 0
"CHE-382167" 0 1 1 1 0 0 0 0 0 0 0 0 0
"CHE-280141" 1 1 1 1 0 0 0 0 0 0 0 0 0
"CHE-307947" 1 0 0 0 0 0 0 0 0 0 0 0 0
"CHE-304400" 1 1 0 0 0 0 1 0 1 0 0 0 0
"CHE-312504" 1 0 0 0 0 0 0 0 1 0 0 0 0
"CHE-367128" 1 1 1 0 0 0 1 0 0 0 0 0 0
"CHE-280057" 1 1 1 1 0 0 0 0 0 1 0 0 0
"CHE-105002" 1 0 0 0 0 0 0 0 0 0 0 0 0
"CHE-293208" 1 1 0 1 0 0 1 0 0 0 0 0 0
"CHE-367036" 1 1 1 1 0 0 0 1 0 0 0 0 0
"CHE-359673" 0 0 0 0 0 0 0 0 0 1 0 0 0
"CHE-273141" 0 1 1 1 0 0 0 0 0 0 0 0 0
"CHE-291143" 1 1 1 1 0 0 0 0 0 0 0 0 0
"CHE-363675" 0 0 1 0 0 0 0 0 0 0 0 0 0
"CHE-104820" 1 0 0 0 0 0 0 0 0 0 0 0 0
"CHE-277970" 0 0 0 0 0 0 0 1 0 0 1 0 0
"CHE-307733" 1 1 0 1 0 0 0 0 0 0 0 0 0
"CHE-105278" 1 0 0 0 0 0 0 0 0 0 0 0 0
"CHE-295396" 1 1 1 1 0 0 0 0 0 0 0 0 0
"CHE-371726" 1 1 1 1 1 1 0 0 1 0 0 0 0
"CHE-189562" 1 0 0 0 0 0 0 0 0 0 0 0 0
"CHE-301270" 1 1 1 0 0 0 0 0 0 0 0 0 0
"CHE-320742" 1 1 0 0 0 0 0 0 0 0 0 1 0
"CHE-363560" 0 0 1 1 0 0 0 0 1 0 0 0 0
"CHE-366692" 1 1 1 1 1 0 0 1 0 0 0 0 0
"CHE-294403" 0 1 1 1 0 0 0 0 0 0 0 0 0
"CHE-272732" 0 0 1 0 0 0 0 0 0 0 0 0 0
"CHE-293099" 0 1 1 1 0 0 1 0 0 0 0 0 0
"CHE-104689" 1 0 0 0 0 0 0 0 0 0 0 0 0
"CHE-290863" 1 1 1 1 0 0 0 0 0 0 0 0 0
"CHE-383878" 1 1 0 0 0 0 0 0 0 0 0 0 0
"CHE-294191" 1 1 1 1 0 1 0 0 0 0 0 0 0
"CHE-295278" 1 1 1 1 0 1 1 0 0 0 0 0 0
"CHE-307411" 1 1 1 1 0 0 1 0 0 0 0 0 0
"CHE-359241" 1 0 0 0 0 0 0 0 0 1 0 0 0
"CHE-290410" 1 1 1 1 0 0 0 0 0 0 0 0 0
"CHE-359520" 0 0 1 1 0 0 0 0 0 1 0 0 0
"CHE-320605" 1 1 0 0 0 0 0 0 0 0 0 1 0
"CHE-381774" 1 0 1 1 0 0 0 1 1 0 0 0 0
"CHE-300717" 1 1 1 1 0 0 1 1 1 0 0 0 0
"CHE-306944" 1 0 0 0 0 0 0 0 0 0 0 0 0
"CHE-320450" 1 1 1 1 0 0 0 0 0 0 0 1 0
"CHE-366681" 0 0 0 1 1 0 0 0 0 0 0 0 0
"CHE-271663" 1 1 1 1 0 0 0 0 0 0 0 0 0
"CHE-101543" 1 0 0 0 0 0 0 0 0 0 0 0 0
"CHE-104514" 1 0 0 0 0 0 0 0 0 0 0 0 0
"CHE-292968" 0 1 1 1 0 0 1 0 0 0 0 0 0
"CHE-294002" 1 1 1 1 0 0 0 0 0 0 0 0 0
"CHE-290712" 1 1 1 1 0 0 1 0 0 0 0 0 0
"CHE-64333" 1 0 0 0 0 0 0 0 0 0 0 0 0
"CHE-304038" 1 1 0 1 0 0 1 0 0 0 0 0 0
"CHE-51306" 1 0 0 0 0 0 0 0 0 0 0 0 0
"CHE-324049" 1 1 0 0 0 0 0 0 0 0 0 0 0
"CHE-376350" 1 1 1 1 0 0 0 0 1 0 0 0 0
"CHE-290471" 1 1 1 1 0 0 0 0 0 0 0 0 0
"CHE-320080" 1 1 0 0 0 0 0 0 0 0 0 0 0
"CHE-101416" 1 0 0 0 0 0 0 0 0 0 0 0 0
"CHE-307156" 1 1 1 1 0 0 1 0 0 0 0 0 0
"CHE-322293" 1 1 1 1 0 0 0 0 0 0 0 0 0
"CHE-103657" 1 0 0 0 0 0 0 0 0 0 0 0 0
"CHE-100450" 1 0 0 0 0 0 0 0 0 0 0 0 0
"CHE-363462" 1 1 1 1 1 1 0 0 0 0 0 0 0
"CHE-363457" 1 0 1 0 1 0 0 0 1 0 0 0 0
"CHE-272553" 0 1 1 1 0 0 0 0 0 1 0 0 0
"CHE-357709" 1 1 1 1 0 0 0 1 0 0 0 0 0
"CHE-306746" 1 1 1 1 0 0 1 0 0 0 0 0 0
"CHE-323725" 1 1 0 0 0 0 0 0 0 0 0 0 0
"CHE-358578" 1 1 1 0 0 0 0 0 0 0 0 0 0
"CHE-385231" 1 1 1 0 0 0 0 0 0 0 0 0 0
"CHE-323882" 1 1 0 0 0 0 0 0 0 0 0 0 0
"CHE-322236" 1 1 1 1 0 0 0 0 0 1 0 0 0
"CHE-272511" 0 1 1 1 0 0 0 0 0 1 0 0 0
"CHE-59276" 1 0 0 0 0 0 0 0 0 0 0 0 0
"CHE-321417" 1 1 1 1 0 0 0 1 1 0 0 0 0
"CHE-187540" 1 1 0 0 0 0 0 0 0 0 0 0 0
"CHE-322431" 1 1 1 1 0 0 1 0 0 0 0 1 0
"CHE-320343" 1 1 1 1 0 0 0 0 0 0 0 0 0
"CHE-82052" 1 0 0 0 0 0 0 0 0 0 0 0 0
"CHE-303884" 1 0 0 0 0 0 1 0 1 0 0 0 0
"CHE-365140" 1 1 1 1 0 0 1 0 1 0 0 0 0
"CHE-272374" 0 0 0 0 0 0 0 0 0 1 0 0 0
"CHE-289901" 1 1 1 1 0 1 1 0 0 0 0 0 0
"CHE-322667" 1 1 1 1 0 0 0 1 0 0 0 0 0
"CHE-272207" 0 1 1 1 0 0 0 0 0 0 0 0 0
"CHE-322918" 1 1 1 1 0 0 0 0 0 0 0 0 0
"CHE-311405" 1 1 0 0 0 0 0 0 0 0 0 0 0
"CHE-299602" 1 1 1 1 0 1 0 1 1 0 0 0 0
"CHE-101157" 1 0 0 0 0 0 0 0 0 0 0 0 0
"CHE-303716" 1 1 1 1 0 0 1 0 0 0 0 0 0
"CHE-320275" 1 1 1 0 0 0 0 0 0 0 0 0 0
"CHE-79337" 1 0 0 0 0 0 0 0 0 0 0 0 0
"CHE-270982" 0 0 0 1 0 0 0 0 0 0 0 0 0
"CHE-289745" 1 1 1 1 0 0 0 0 0 0 0 0 0
"CHE-81950" 1 0 0 0 0 0 0 0 0 0 0 0 0
"CHE-321642" 1 1 1 1 0 0 0 0 0 0 0 0 0
"CHE-357593" 0 0 0 1 0 0 0 1 0 0 0 0 0
"CHE-63177" 1 0 0 0 0 0 0 0 0 0 0 0 0
"CHE-321871" 1 1 1 1 0 0 0 0 0 0 0 0 0
"CHE-357114" 1 0 0 1 0 0 0 0 0 0 0 0 0
"CHE-319953" 1 1 1 1 0 0 0 1 1 0 0 0 0
"CHE-311063" 1 0 0 1 0 0 1 0 1 0 0 0 0
"CHE-306372" 1 1 1 1 0 0 1 0 0 0 0 0 0
"CHE-379510" 0 1 0 1 0 1 0 0 0 1 0 0 0
"CHE-284193" 0 1 1 1 0 0 0 0 0 0 0 0 0
"CHE-272047" 0 1 1 1 0 0 0 0 0 1 1 0 0
"CHE-323142" 1 1 0 0 0 0 0 0 1 1 0 0 0
"CHE-357443" 1 0 0 0 0 0 0 0 0 0 0 0 0
"CHE-99821" 1 0 0 0 0 0 0 0 0 0 0 0 0
"CHE-270969" 0 1 1 1 0 0 0 1 1 0 0 0 0
"CHE-298589" 0 0 1 0 0 0 0 1 1 0 0 0 0
"CHE-64559" 1 0 0 0 0 0 0 0 0 0 0 0 0
"CHE-289661" 1 0 1 1 0 0 0 1 1 0 0 0 0
"CHE-326786" 0 0 0 0 0 0 0 0 0 1 0 0 0
"CHE-365753" 0 0 1 0 0 0 1 0 0 1 0 0 0
"CHE-186129" 1 0 0 0 0 0 1 0 1 0 0 0 0
"CHE-102552" 1 0 0 0 0 0 0 0 0 0 0 0 0
"CHE-284421" 0 1 0 0 0 0 0 0 0 0 0 0 0
"CHE-326574" 0 0 0 0 0 0 1 0 0 1 0 0 0
"CHE-80406" 1 0 0 0 0 0 1 0 0 0 0 0 0
"CHE-102214" 1 0 0 0 0 0 0 0 0 0 0 0 0
"CHE-284102" 1 1 1 1 0 0 0 0 0 0 0 0 0
"CHE-326499" 0 0 0 0 0 0 0 0 0 1 0 0 0
"CHE-61994" 1 0 0 1 0 0 1 0 0 0 0 0 0
"CHE-319839" 1 1 1 1 0 0 0 0 0 0 0 1 0
"CHE-270894" 0 1 1 1 0 0 0 0 0 0 0 0 0
"CHE-78772" 1 1 0 0 0 0 0 0 1 0 0 0 0
"CHE-309687" 1 1 1 1 0 0 1 1 1 0 0 0 0
"CHE-349046" 1 1 1 1 1 1 0 0 0 0 0 0 0
"CHE-122178" 1 0 0 0 0 0 0 0 0 0 0 0 0
"CHE-44925" 1 0 0 0 0 0 0 0 0 0 0 0 0
"CHE-289616" 0 0 1 1 0 0 0 1 1 0 0 0 0
"CHE-349343" 1 1 1 1 0 0 0 0 0 1 0 0 0
"CHE-380034" 1 0 1 0 0 0 1 0 1 1 0 0 0
"CHE-326755" 0 0 0 0 0 0 0 0 0 1 0 0 0
"CHE-287441" 1 1 1 1 0 0 0 0 0 0 0 0 0
"CHE-94678" 1 0 0 0 0 0 0 0 0 0 0 0 0
"CHE-349041" 0 0 1 1 0 0 0 1 0 0 0 0 0
"CHE-352128" 1 0 1 1 1 1 0 0 0 0 0 0 0
"CHE-349347" 1 1 1 0 0 1 1 0 0 0 0 0 0
"CHE-352198" 1 1 1 1 0 1 1 0 1 1 0 0 0
"CHE-326452" 0 0 0 0 0 0 1 0 0 1 0 0 0
"CHE-283715" 1 1 1 1 0 0 0 0 0 1 0 1 0
"CHE-123449" 1 0 0 0 0 0 0 0 0 0 0 0 0
"CHE-60865" 1 0 1 1 0 0 1 0 0 0 0 0 0
"CHE-80945" 1 0 0 0 0 0 0 0 0 0 0 0 0
"CHE-286836" 0 1 1 1 0 1 0 0 0 0 0 0 0
"CHE-186037" 1 0 1 0 0 0 0 0 0 0 0 0 0
"CHE-94509" 1 0 0 0 0 0 0 0 0 0 0 0 0
"CHE-286250" 0 1 1 1 0 0 0 0 0 0 0 0 0
"CHE-123910" 1 1 0 0 0 0 0 0 1 0 0 0 0
"CHE-326682" 0 0 0 1 0 0 0 0 0 1 0 0 0
"CHE-98689" 1 0 0 0 0 0 0 0 0 0 0 0 0
"CHE-93824" 1 0 0 0 0 0 0 0 0 0 0 0 0
"CHE-283654" 0 1 1 1 0 0 0 0 0 1 0 0 0
"CHE-78266" 1 1 1 0 0 0 1 0 1 0 0 0 0
"CHE-124142" 1 1 0 0 0 0 0 0 1 0 0 0 0
"CHE-286131" 0 1 1 1 0 0 0 0 0 0 0 0 0
"CHE-185010" 0 0 1 0 0 0 1 0 1 0 0 0 0
"CHE-319815" 0 1 1 1 0 0 0 0 0 0 0 0 0
"CHE-270714" 0 1 1 1 0 0 0 0 0 0 0 0 0
"CHE-119401" 1 0 0 0 0 0 0 0 0 0 0 0 0
"CHE-119305" 1 0 0 0 0 0 0 0 0 0 0 0 0
"CHE-289184" 0 0 1 1 0 0 1 0 0 0 0 0 0
"CHE-339154" 1 1 1 1 1 1 0 1 1 1 0 0 0
"CHE-123944" 1 1 0 0 0 0 0 0 0 0 0 0 0
"CHE-123834" 1 0 0 0 0 0 0 0 1 0 0 0 0
"CHE-352916" 1 1 1 1 0 1 0 0 0 1 0 0 0
"CHE-319597" 1 1 1 1 0 0 0 0 0 0 0 0 0
"CHE-270488" 0 1 1 1 0 0 0 0 1 0 0 0 0
"CHE-326443" 0 0 0 0 0 0 0 0 0 1 0 0 0
"CHE-353491" 1 1 1 0 0 1 1 0 0 1 0 0 0
"CHE-339205" 1 0 1 1 0 1 1 1 1 1 0 0 0
"CHE-353257" 1 0 1 0 0 1 1 0 1 1 0 0 0
"CHE-270490" 0 1 1 1 0 0 0 0 0 0 0 0 0
"CHE-349833" 1 0 0 0 0 0 0 0 0 0 0 0 0
"CHE-93685" 1 0 0 0 0 0 0 0 0 0 0 0 0
"CHE-326393" 0 0 0 0 0 0 0 0 0 1 0 0 0
"CHE-97611" 1 1 0 0 0 0 0 0 0 0 0 0 0
"CHE-94378" 1 0 0 0 0 0 0 0 0 0 0 0 0
"CHE-332636" 0 1 1 1 0 1 1 0 0 1 0 0 0
"CHE-78031" 1 1 0 1 0 0 0 0 1 0 0 0 0
"CHE-331843" 0 1 1 1 1 0 0 0 0 0 0 0 0
"CHE-331855" 0 1 1 1 1 0 0 0 0 0 0 0 0
"CHE-121189" 1 1 0 0 0 0 0 0 1 0 0 0 0
"CHE-122308" 1 1 1 0 0 0 0 1 1 0 0 0 0
"CHE-327125" 0 1 1 1 0 1 0 0 0 1 0 0 1
"CHE-77471" 1 1 1 1 0 0 0 0 1 0 0 0 0
"CHE-121812" 1 1 0 0 0 0 1 0 0 0 0 0 0
"CHE-327040" 0 1 1 1 0 0 0 0 0 0 0 0 0
"CHE-270332" 0 1 1 1 0 0 0 0 0 0 0 0 0
"CHE-326351" 0 0 1 1 0 0 0 0 0 1 0 0 0
"CHE-120080" 1 1 1 0 0 0 1 1 1 0 1 0 0
"CHE-319574" 0 1 1 1 0 1 0 0 0 0 0 0 0
"CHE-34233" 0 0 0 0 0 0 1 0 0 0 0 0 0
"CHE-251789" 0 1 1 1 0 0 1 0 0 1 0 0 0
"CHE-340039" 1 0 1 1 0 1 1 1 1 0 0 0 0
"CHE-340350" 1 1 1 1 0 1 1 0 0 1 0 0 0
"CHE-326877" 0 0 1 1 1 0 0 0 0 0 0 0 0
"CHE-93577" 1 0 0 0 0 0 1 0 0 0 0 0 0
"CHE-181213" 1 0 1 1 0 0 1 0 1 0 0 0 0
"CHE-325739" 0 0 1 1 0 0 0 0 0 0 0 0 0
"CHE-319520" 0 1 1 1 0 1 0 0 0 1 1 0 0
"CHE-326308" 0 0 1 1 0 0 0 0 0 0 0 0 0
"CHE-285552" 1 1 1 1 0 0 0 1 1 0 0 0 0
"CHE-325710" 0 0 1 1 0 0 0 0 0 0 0 0 0
"CHE-248951" 0 0 0 0 0 0 0 0 0 1 0 0 0
"CHE-327166" 0 0 1 0 0 0 0 1 1 1 0 0 0
"CHE-283134" 0 0 1 1 0 0 0 0 0 0 0 0 0
"CHE-76966" 1 1 1 0 0 0 1 0 1 0 0 0 0
"CHE-270210" 0 1 1 1 0 0 0 0 0 0 0 0 0
"CHE-117834" 1 0 0 0 0 0 0 0 0 0 0 0 0
"CHE-284639" 0 1 1 1 0 0 0 0 0 0 0 0 0
"CHE-96662" 1 0 0 0 0 0 1 0 1 0 0 0 0
"CHE-270200" 0 1 1 1 0 0 0 0 0 0 0 0 0
"CHE-340564" 1 1 1 1 0 1 0 0 0 1 0 0 0
"CHE-319467" 0 1 1 1 0 1 0 0 0 1 1 0 0
"CHE-350092" 1 0 0 0 0 0 0 0 0 0 0 0 0
"CHE-118224" 1 1 1 0 0 0 1 1 1 0 1 0 0
"CHE-380878" 1 0 0 0 0 0 0 0 1 0 0 0 0
"CHE-332782" 1 1 1 0 0 0 1 0 1 0 0 0 0
"CHE-328963" 1 1 1 1 0 1 1 1 1 1 0 0 0
"CHE-96106" 1 1 0 0 0 0 1 0 0 0 0 0 0
"CHE-355301" 1 0 0 0 0 0 0 0 0 0 0 0 0
"CHE-340797" 1 1 1 1 0 1 0 0 0 1 0 0 0
"CHE-117493" 1 0 0 0 0 0 0 0 0 0 0 0 0
"CHE-284719" 0 1 1 1 0 1 0 0 0 0 0 0 0
"CHE-96196" 1 0 0 0 0 0 0 0 0 0 0 0 0
"CHE-270157" 0 1 1 1 0 0 0 0 0 0 0 0 0
"CHE-325430" 0 0 1 1 0 0 0 0 0 0 0 0 0
"CHE-284608" 0 1 1 1 0 0 0 0 0 0 0 1 0
"CHE-270192" 0 0 1 1 0 1 0 1 1 1 0 0 0
"CHE-76618" 1 0 0 0 0 0 1 0 0 0 0 0 0
"CHE-93091" 1 0 1 0 0 0 1 0 0 0 0 0 0
"CHE-341749" 1 1 1 1 0 0 0 0 0 1 0 0 0
"CHE-283076" 0 1 1 1 0 1 0 1 1 1 0 0 0
"CHE-76124" 0 0 0 0 0 0 1 0 0 0 0 0 0
"CHE-350724" 1 0 0 0 0 0 0 0 1 0 0 0 0
"CHE-356241" 1 1 0 0 0 0 0 0 0 0 0 0 0
"CHE-283047" 0 1 1 1 0 1 0 0 0 0 0 0 0
"CHE-92864" 0 0 1 0 0 0 1 0 0 0 0 0 0
"CHE-329197" 1 1 0 1 0 0 1 0 0 0 0 0 0
"CHE-36246" 0 0 0 0 0 0 1 0 0 0 0 0 0
"CHE-341016" 1 0 0 0 0 0 0 0 0 0 0 0 0
"CHE-324618" 0 0 1 1 0 0 0 0 0 0 0 0 0
"CHE-333091" 1 1 0 0 0 0 1 0 1 1 0 0 0
"CHE-46017" 0 0 0 1 0 0 0 0 0 0 0 0 0
"CHE-282990" 0 1 1 1 0 1 0 1 1 0 0 0 0
"CHE-115221" 1 0 0 0 0 0 1 0 0 0 0 0 0
"CHE-95139" 1 1 0 0 0 0 1 0 0 0 0 0 0
"CHE-313483" 0 0 1 1 0 0 0 0 0 0 0 0 0
"CHE-115532" 1 0 0 0 0 0 0 0 0 0 0 0 0
"CHE-270040" 0 1 0 1 0 0 0 0 0 0 0 0 0
"CHE-114820" 0 0 0 0 0 0 1 0 0 0 0 0 0
"CHE-282977" 0 0 0 1 0 0 0 1 1 1 0 0 0
"CHE-75861" 1 0 1 1 0 0 1 0 0 0 0 0 0
"CHE-75936" 1 0 0 0 0 0 0 0 0 0 0 0 0
"CHE-33320" 1 0 1 1 0 0 1 0 0 0 0 0 0
"CHE-327947" 0 0 0 0 0 0 1 0 0 0 0 0 0
"CHE-333564" 1 1 0 0 0 0 0 0 0 0 0 0 0
"CHE-313507" 0 1 1 1 0 0 0 0 0 1 0 0 0
"CHE-40244" 0 0 0 0 0 0 1 0 0 0 0 0 0
"CHE-313619" 0 0 0 0 0 0 0 0 0 1 0 0 0
"CHE-43391" 0 0 0 1 0 0 0 0 0 0 0 0 0
"CHE-342974" 1 1 0 0 0 0 0 0 0 0 0 0 0
"CHE-343162" 1 1 0 0 0 0 0 0 0 0 0 0 0
"CHE-329554" 1 0 1 1 0 0 1 0 0 1 0 0 0
"CHE-333771" 1 1 0 0 0 0 0 0 0 0 0 0 0
"CHE-351432" 1 1 0 0 0 0 0 0 0 0 0 0 0
"CHE-114549" 1 1 1 1 1 0 1 1 1 0 1 0 0
"CHE-31129" 1 1 1 1 0 0 0 0 0 0 0 0 0
"CHE-270020" 0 1 1 1 0 1 0 1 1 1 0 0 0
"CHE-351560" 1 1 0 0 0 0 0 0 0 0 0 0 0
"CHE-114041" 0 1 1 1 1 0 1 0 1 0 1 0 0
"CHE-343288" 1 0 0 0 0 0 0 0 1 0 0 0 0
"CHE-36625" 0 1 1 1 0 0 1 0 0 0 0 0 0
"CHE-42600" 0 0 1 1 0 0 0 0 0 0 0 0 0
"CHE-334122" 1 0 0 0 0 0 0 0 0 0 0 0 0
"CHE-312574" 0 0 1 1 0 0 0 0 0 0 0 0 0
"CHE-75381" 1 0 1 1 0 0 1 0 0 0 0 0 0
"CHE-91839" 0 1 1 1 1 0 0 0 0 0 0 0 0
"CHE-343444" 1 1 0 0 0 0 0 0 0 0 0 0 0
"CHE-334298" 1 1 0 0 0 0 0 0 0 0 0 0 0
"CHE-314622" 0 0 1 1 0 0 1 0 0 1 0 0 0
"CHE-75280" 1 0 1 1 0 0 1 0 0 0 0 0 0
"CHE-313873" 0 0 0 1 0 0 1 1 0 1 0 0 0
"CHE-75034" 0 0 1 1 0 0 0 0 0 0 0 0 0
"CHE-31067" 0 0 1 1 0 0 1 0 0 0 0 0 0
"CHE-89917" 0 0 0 0 0 0 1 0 0 0 0 0 0
"CHE-91430" 0 1 1 1 1 0 1 0 0 0 0 0 0
"CHE-36514" 0 0 1 1 0 0 1 1 1 0 0 0 0
"CHE-316215" 0 0 1 0 0 0 1 0 0 1 0 0 0
"CHE-177723" 1 0 1 1 0 0 0 1 1 0 0 0 0
"CHE-344505" 1 0 0 0 0 0 0 0 0 0 0 0 0
"CHE-39768" 0 0 1 1 0 0 1 0 0 0 0 0 0
"CHE-260070" 0 0 1 1 0 0 0 0 0 0 0 0 0
"CHE-260048" 0 0 1 1 0 0 0 0 0 0 0 0 0
"CHE-249993" 0 0 1 1 0 0 0 0 0 1 0 0 0
"CHE-90246" 0 0 1 1 1 0 1 0 1 0 0 0 0
"CHE-90285" 0 0 1 0 0 0 0 0 0 0 0 0 0
"CHE-74732" 1 0 1 1 0 0 0 0 0 0 0 0 0
"CHE-260080" 0 0 1 1 0 0 0 1 0 1 0 0 0
"CHE-259922" 0 0 0 1 0 0 0 0 0 0 0 0 0
"CHE-251372" 0 1 1 1 0 0 0 1 1 1 0 0 0
"CHE-316910" 0 0 0 1 0 0 0 0 0 0 0 0 0
"CHE-335072" 1 1 1 0 0 0 0 0 0 0 0 0 0
"CHE-345715" 1 1 0 0 0 0 0 0 0 0 0 0 0
"CHE-41515" 1 0 1 1 0 0 0 0 0 0 0 0 0
"CHE-36189" 0 0 1 1 0 0 1 0 0 1 0 0 0
"CHE-113013" 1 1 0 1 1 0 1 0 0 0 1 0 0
"CHE-259831" 0 0 1 1 0 0 0 0 0 0 0 0 0
"CHE-344932" 1 1 1 1 0 0 0 0 0 1 0 0 0
"CHE-317014" 0 0 0 0 0 0 1 0 0 0 0 0 0
"CHE-335629" 1 1 0 0 0 0 1 0 0 0 0 0 0
"CHE-41388" 1 0 1 1 1 0 0 0 0 0 0 0 0
"CHE-346978" 1 1 1 0 0 0 1 0 0 0 0 0 0
"CHE-248430" 0 1 1 1 0 0 0 1 1 1 0 0 0
"CHE-31961" 0 0 1 1 0 0 1 0 0 0 0 0 0
"CHE-110379" 0 0 1 0 0 0 1 0 0 0 0 0 0
"CHE-347379" 1 1 1 1 0 0 0 0 0 0 0 0 0
"CHE-88964" 0 0 0 0 0 0 1 0 0 0 0 0 0
"CHE-260104" 0 0 0 1 0 0 0 0 0 1 0 0 0
"CHE-40943" 0 0 1 1 1 0 1 1 0 0 1 0 0
"CHE-111804" 1 0 1 1 0 0 1 0 0 0 0 0 0
"CHE-337195" 1 1 1 0 0 0 0 0 0 0 0 0 0
"CHE-317680" 0 0 0 0 0 0 1 0 0 1 0 0 0
"CHE-111578" 1 1 1 1 1 0 1 0 0 0 1 0 0
"CHE-335803" 1 0 0 0 0 0 0 0 0 0 0 0 0
"CHE-260105" 0 0 0 1 0 0 0 0 0 1 0 0 0
"CHE-39199" 0 0 1 1 1 0 0 0 0 0 0 0 0
"CHE-260142" 0 0 0 1 0 0 0 0 0 1 0 0 0
"CHE-256606" 0 0 0 1 0 0 0 0 0 0 0 0 0
"CHE-260622" 0 0 0 1 0 0 0 0 0 1 0 1 0
"CHE-256883" 0 0 0 0 0 0 0 0 0 1 0 0 0
"CHE-260760" 0 0 0 1 0 0 1 0 0 1 0 0 0
"CHE-262333" 0 0 0 1 0 0 0 0 0 1 0 0 0
"CHE-265291" 0 0 0 1 0 0 1 0 0 1 0 0 0
"CHE-39135" 0 0 1 1 0 0 0 0 0 0 0 0 0
"CHE-36113" 0 0 1 0 0 0 0 0 0 0 0 0 0
"CHE-107073" 1 0 1 1 1 0 0 0 0 0 1 1 0
"CHE-257065" 0 0 0 0 0 0 1 0 0 1 0 0 0
"CHE-105460" 1 0 0 1 1 0 0 1 0 0 1 1 0
"CHE-261243" 0 0 0 0 0 0 1 0 0 1 0 0 0
"CHE-262876" 0 0 0 0 0 0 1 0 0 0 0 0 0
"CHE-38015" 0 0 0 0 0 1 0 0 0 0 0 0 0
"CHE-176669" 0 0 1 1 0 1 0 1 1 0 0 0 0
"CHE-107177" 0 0 1 1 0 0 0 0 0 0 1 1 0
"CHE-257317" 0 0 0 0 0 0 0 0 0 1 0 0 0
"CHE-252293" 0 0 0 1 0 0 0 1 0 0 0 0 0
"CHE-70892" 1 0 0 0 0 0 0 0 0 0 0 0 0
"CHE-70500" 1 0 0 1 0 0 0 0 0 0 0 1 0
"CHE-109202" 0 0 0 1 0 0 1 0 0 0 0 1 0
"CHE-257748" 1 0 0 0 0 0 1 0 0 0 0 0 0
"CHE-246777" 0 0 0 1 1 0 0 1 0 0 0 0 0
"CHE-246756" 0 0 0 1 0 0 0 1 0 0 0 0 0
"CHE-37938" 0 0 1 0 0 1 0 1 0 0 0 0 0
"CHE-83620" 0 0 0 0 0 0 1 0 0 0 0 0 0
"CHE-257768" 1 0 0 0 0 0 0 0 0 0 0 0 0
"CHE-257936" 1 0 0 0 0 0 0 0 0 0 0 0 0
"CHE-252720" 0 0 0 0 0 0 1 0 0 1 0 0 0
"CHE-85339" 0 0 1 1 0 0 1 1 0 0 0 0 0
"CHE-246416" 0 0 0 0 0 0 0 1 0 0 0 0 0
"CHE-30760" 0 0 1 1 0 0 0 0 0 0 1 0 0
"CHE-253385" 0 0 0 0 0 0 1 0 0 1 0 0 0
"CHE-245575" 0 0 0 1 0 0 0 1 0 0 0 0 0
"CHE-70459" 0 0 1 1 0 0 0 1 0 0 0 0 0
"CHE-245352" 0 0 0 1 0 0 0 1 0 0 0 0 0
"CHE-245324" 0 0 0 1 0 0 0 1 0 0 0 0 0
"CHE-34568" 0 0 1 1 0 0 0 0 0 0 0 0 0
"CHE-245356" 0 0 0 0 0 0 0 1 0 0 0 0 0
"CHE-254220" 1 0 0 0 0 0 0 0 0 0 0 0 0
"CHE-83599" 0 0 0 1 0 0 0 1 0 0 1 0 0
"CHE-196145" 0 0 1 1 0 0 0 1 0 0 0 0 0
"CHE-174854" 0 0 1 1 0 0 0 1 1 0 0 0 0
"CHE-82180" 0 0 0 1 0 0 0 1 0 0 1 0 0
"CHE-196073" 0 0 0 0 0 0 0 1 0 0 0 0 0
"CHE-195658" 0 0 0 1 0 0 0 0 0 0 0 0 0
"CHE-70446" 0 0 1 1 0 0 0 1 0 0 1 1 0
"CHE-29795" 0 0 0 0 0 0 0 1 0 0 1 0 0
"CHE-195711" 0 0 0 0 0 0 0 1 0 0 0 0 0
"CHE-174731" 0 0 0 1 0 0 0 1 0 0 0 0 0
"CHE-174725" 0 0 1 1 0 0 0 1 0 0 0 0 0
"CHE-195372" 0 0 0 1 0 0 0 1 0 0 0 0 0
"CHE-196383" 0 0 1 1 0 0 0 1 0 0 0 0 0
"CHE-37307" 0 0 0 0 0 0 0 1 0 0 1 0 0
"CHE-28658" 0 0 1 1 0 0 0 1 0 0 1 0 0
"CHE-206240" 1 0 0 0 0 0 1 0 0 0 0 0 0
"CHE-206613" 1 0 0 0 0 0 0 0 0 0 0 0 0
"CHE-68796" 0 0 0 1 0 0 0 0 0 0 1 0 0
"CHE-197164" 0 0 1 1 0 0 0 0 0 0 0 0 0
"CHE-67254" 0 0 0 1 0 0 0 0 0 0 0 0 0
"CHE-173299" 0 0 0 1 0 0 0 1 0 0 0 0 0
"CHE-28208" 0 0 0 0 0 0 0 1 0 0 0 0 0
"CHE-67249" 1 0 0 0 0 0 0 0 1 0 1 0 0
"CHE-190846" 0 0 1 1 0 0 0 1 0 0 0 0 0
"CHE-172350" 0 0 0 1 0 0 0 1 0 0 0 0 0
"CHE-202807" 1 0 1 1 0 0 1 1 0 1 0 0 0
"CHE-172140" 0 0 0 1 0 0 0 1 0 0 0 0 0
"CHE-207367" 0 0 1 1 0 0 0 0 0 0 0 0 0
"CHE-191888" 0 0 1 1 1 0 0 1 0 0 0 0 0
"CHE-172071" 0 0 0 1 0 0 0 1 0 0 0 0 0
"CHE-228130" 0 0 0 0 0 0 1 1 0 0 0 0 0
"CHE-192295" 0 0 0 1 0 0 0 0 0 0 0 0 0
"CHE-209169" 0 0 0 1 0 0 1 0 0 0 0 0 0
"CHE-237370" 0 0 1 1 0 0 1 1 0 0 0 0 0
"CHE-228018" 1 0 1 1 0 0 1 1 0 1 0 0 0
"CHE-165680" 0 0 0 0 0 0 0 1 0 0 0 0 0
"CHE-192503" 0 0 1 1 1 0 1 1 0 0 0 0 0
"CHE-12907" 0 0 1 1 0 0 0 0 0 0 0 1 0
"CHE-230265" 0 0 1 1 0 0 0 0 0 0 0 0 0
"CHE-12328" 0 0 1 1 0 0 1 0 0 0 1 0 0
"CHE-227729" 0 0 1 1 0 0 0 1 0 0 0 0 0
"CHE-230327" 1 0 1 1 0 0 1 0 0 0 0 0 0
"CHE-154761" 0 1 0 1 0 0 0 0 0 0 0 0 0
"CHE-236505" 0 0 0 1 0 0 0 0 0 1 0 0 0
"CHE-213245" 0 0 0 1 0 1 0 0 0 0 0 0 0
"CHE-238550" 0 0 1 1 0 1 0 0 0 0 0 0 0
"CHE-17773" 0 1 1 1 1 0 0 0 0 0 1 0 1
"CHE-15656" 0 0 0 0 0 0 0 1 0 0 0 1 0
"CHE-18255" 0 0 1 1 1 0 0 0 0 0 1 0 0
"CHE-11769" 0 0 1 1 0 0 1 0 0 0 1 1 0
"CHE-17565" 0 0 1 1 1 0 0 0 0 0 1 0 0
"CHE-127580" 0 0 0 0 1 0 0 0 0 0 0 0 0
"CHE-127637" 0 0 0 1 0 0 0 0 0 0 0 0 0
"CHE-242353" 1 0 1 1 0 0 0 1 0 0 0 0 0
"CHE-20250" 0 0 1 1 1 0 1 0 0 1 1 0 1
"CHE-18361" 0 0 1 1 0 0 1 0 0 0 1 0 0
"CHE-20419" 0 0 1 1 0 0 0 0 0 0 1 0 0
"CHE-230765" 0 0 1 1 0 0 0 0 0 0 0 0 0
"CHE-11232" 0 0 1 1 0 0 0 0 0 0 1 1 0
"CHE-234435" 1 0 0 1 0 0 0 1 0 0 0 0 0
"CHE-156412" 0 0 1 1 0 0 0 0 0 0 0 0 0
"CHE-20451" 0 0 1 1 0 0 0 0 0 1 0 0 0
"CHE-234572" 1 0 1 1 0 0 0 0 0 0 0 0 0
"CHE-13889" 0 0 0 1 0 0 0 0 0 0 0 1 0
"CHE-9977" 0 0 0 0 0 0 0 1 0 0 0 0 0
"CHE-9905" 0 0 0 1 0 0 0 1 0 0 0 1 0
"CHE-194655" 0 0 1 1 0 0 1 0 0 1 0 0 0
"CHE-231749" 1 0 0 0 0 0 1 0 0 0 0 0 0
"CHE-10249" 0 0 0 0 0 0 1 0 0 0 1 0 0
"CHE-156578" 0 0 1 1 0 0 0 0 0 0 0 0 0
"CHE-18653" 0 0 1 1 0 0 0 0 0 0 1 0 0
"CHE-216052" 1 0 1 1 0 0 1 1 0 1 0 0 0
"CHE-234792" 0 0 0 0 0 0 0 0 0 1 1 0 0
"CHE-128674" 0 0 1 1 1 0 0 0 0 0 0 0 0
"CHE-8727" 0 0 0 1 0 0 0 0 0 0 0 1 0
"CHE-8780" 0 0 0 1 0 0 0 1 0 0 0 1 0
"CHE-129014" 0 0 1 1 1 0 1 0 0 0 0 0 0
"CHE-20946" 0 0 1 1 0 0 1 0 0 0 0 0 0
"CHE-169549" 0 0 0 0 0 0 1 0 0 0 0 0 0
"CHE-157529" 0 0 1 1 0 0 0 0 0 0 0 0 0
"CHE-6224" 0 0 0 1 0 0 0 1 0 0 0 1 0
"CHE-21186" 0 0 1 1 0 0 0 0 0 1 0 0 1
"CHE-159994" 0 0 1 1 0 0 1 0 0 0 0 0 0
"CHE-157930" 0 0 0 1 0 0 1 0 0 0 0 0 0
"CHE-160732" 0 0 0 1 0 0 0 0 0 0 0 0 0
"CHE-19491" 0 0 1 1 0 0 1 0 0 0 1 1 0
"CHE-217632" 1 0 0 1 0 0 1 0 0 0 0 0 0
"CHE-19533" 0 0 1 1 0 0 0 0 0 0 1 0 0
"CHE-21783" 1 0 1 1 0 0 1 0 0 1 0 0 0
"CHE-19864" 0 0 1 1 0 0 1 0 0 0 0 0 0
"CHE-161225" 0 0 1 1 0 0 1 0 0 0 0 0 0
"CHE-130326" 1 0 1 1 0 0 0 1 0 0 0 0 0
"CHE-220163" 1 0 1 1 0 0 1 0 0 1 0 0 0
"CHE-4674" 0 0 0 1 0 0 0 0 0 0 1 1 0
"CHE-23969" 0 0 1 1 0 0 1 0 0 1 0 1 0
"CHE-132620" 1 0 1 1 0 0 0 0 0 0 0 0 0
"CHE-218137" 1 0 0 0 0 0 1 0 0 0 0 0 0
"CHE-22014" 0 0 1 1 0 0 1 0 0 1 0 0 0
"CHE-22111" 1 0 1 1 0 0 1 0 0 0 0 1 0
"CHE-22120" 1 0 1 1 0 0 1 0 0 0 0 0 0
"CHE-22231" 0 0 1 0 0 0 1 0 0 0 0 0 0
"CHE-22962" 1 0 1 1 0 0 1 0 0 0 0 1 0
"CHE-23553" 1 0 1 0 0 0 1 0 0 0 0 0 0
"CHE-142628" 1 0 1 1 0 0 0 1 0 0 0 0 0
"CHE-22425" 1 0 1 0 0 0 1 0 0 0 0 0 0
"CHE-23713" 1 0 1 0 0 0 1 0 0 0 0 0 0
"CHE-133307" 0 0 1 1 0 0 1 1 0 0 0 0 0
"CHE-23217" 1 0 1 1 0 0 1 0 0 1 0 0 0
"CHE-143170" 1 0 0 0 0 0 0 0 0 0 0 0 0
"CHE-219758" 0 0 0 0 0 0 1 0 0 0 0 0 0
"CHE-26060" 0 0 0 0 0 0 1 0 0 0 0 0 0
"CHE-223415" 0 0 1 1 0 0 1 0 0 1 0 0 0
"CHE-134507" 0 0 1 1 0 0 1 0 0 0 0 0 0
"CHE-145601" 1 0 1 1 0 0 0 0 0 0 0 0 0
"CHE-149934" 1 0 1 0 0 0 1 0 0 0 0 0 0
"CHE-151058" 1 0 1 0 0 0 0 0 0 0 0 0 0
"CHE-147188" 1 0 1 1 0 0 1 0 0 0 0 0 0
"CHE-135451" 0 0 0 0 0 0 1 0 0 0 0 0 0
"CHE-225948" 0 0 0 0 0 0 0 0 0 1 0 0 0
"CHE-152538" 1 0 0 1 0 0 0 0 0 1 0 0 0
