"Barbatula.quignardi" "Alburnus.alburnus" "Cyprinus.carpio" "Sander.lucioperca" "Scardinius.erythrophthalmus" "Oncorhynchus.mykiss" "Silurus.glanis" "Carassius.auratus" "Lepomis.gibbosus" "Micropterus.salmoides" "Gambusia.holbrooki" "Barbatula.barbatula" "Gobio.gobio" "Esox.lucius" "Tinca.tinca" "Ameiurus.melas"
"CHE-373605" 0 0 0 0 0 0 0 0 0 0 0 1 1 0 0 0
"CHE-362099" 0 0 0 0 0 0 0 0 0 0 0 1 0 0 0 0
"CHE-373534" 0 0 0 0 0 0 0 0 0 0 0 1 0 0 0 0
"CHE-297571" 0 0 0 0 0 0 0 0 0 0 0 0 0 0 0 0
"CHE-282069" 0 0 0 0 0 0 0 0 0 0 0 0 0 0 0 0
"CHE-274427" 0 0 0 0 0 0 0 0 0 0 0 0 0 0 0 0
"CHE-373214" 1 0 0 0 0 0 0 0 0 0 0 0 0 0 0 0
"CHE-281186" 0 0 0 0 0 0 0 0 0 0 0 0 0 0 0 0
"CHE-295159" 0 0 0 0 0 0 0 0 0 0 0 0 0 0 0 0
"CHE-361800" 0 0 0 0 0 0 0 0 0 0 0 1 0 0 0 0
"CHE-281173" 0 0 0 0 0 0 0 0 0 0 0 0 0 0 0 0
"CHE-364587" 0 0 0 0 0 0 0 0 0 0 0 1 0 0 0 0
"CHE-360340" 0 0 0 0 0 0 0 0 0 0 0 1 0 0 0 0
"CHE-274595" 0 0 0 0 0 0 0 0 0 0 0 1 0 0 0 0
"CHE-389580" 0 0 0 0 0 0 0 0 0 0 0 0 0 0 0 0
"CHE-282775" 0 0 0 0 0 0 0 0 0 0 0 1 0 0 0 0
"CHE-297388" 0 0 0 0 0 0 0 0 0 0 0 1 1 0 0 0
"CHE-297899" 0 0 0 0 0 0 0 0 0 0 0 0 1 0 0 0
"CHE-274327" 0 0 0 0 0 0 0 0 0 0 0 1 0 0 0 0
"CHE-282626" 0 0 0 0 0 0 0 0 0 0 0 1 0 0 0 0
"CHE-297365" 0 0 0 0 0 0 0 0 0 0 0 1 1 0 0 0
"CHE-274206" 0 0 0 0 0 0 0 0 0 0 0 1 1 0 0 0
"CHE-280936" 0 0 0 0 0 0 0 0 0 0 0 1 0 0 0 0
"CHE-295852" 0 0 0 0 0 0 0 0 0 0 0 0 0 0 0 0
"CHE-360317" 0 0 0 0 0 0 0 0 0 0 0 1 0 0 0 0
"CHE-297236" 0 0 0 0 0 0 0 0 0 0 0 1 1 0 0 0
"CHE-281913" 0 0 0 0 0 0 0 0 0 0 0 1 0 0 0 0
"CHE-371131" 0 0 0 0 0 0 0 0 0 0 0 1 0 0 0 0
"CHE-274168" 0 0 0 0 0 0 0 0 0 0 0 1 0 0 0 0
"CHE-274162" 0 0 0 0 0 0 0 0 0 0 0 1 1 0 0 0
"CHE-372384" 0 0 0 0 0 0 0 0 0 0 0 0 0 0 0 0
"CHE-282622" 0 0 0 0 0 0 0 0 0 0 0 1 0 0 0 0
"CHE-281762" 0 1 0 0 0 0 0 0 0 0 0 0 0 0 0 0
"CHE-275604" 0 0 0 0 0 0 0 0 0 0 0 0 0 0 0 0
"CHE-282284" 0 0 0 0 0 0 0 0 0 0 0 1 0 0 0 0
"CHE-280745" 0 0 0 0 0 0 0 0 0 0 0 1 0 0 0 0
"CHE-282333" 0 0 0 0 0 0 0 0 0 1 0 1 0 0 0 0
"CHE-274025" 0 0 0 0 0 0 0 0 0 0 0 1 1 0 0 0
"CHE-364448" 1 0 0 0 0 0 0 0 0 0 0 0 0 0 0 0
"CHE-302423" 0 0 0 0 0 0 0 0 0 0 0 0 0 0 0 0
"CHE-362413" 0 0 0 0 0 0 0 0 0 0 0 0 0 0 0 0
"CHE-372352" 0 0 0 0 0 0 0 0 0 0 0 0 1 0 0 0
"CHE-361711" 0 0 0 0 0 0 0 0 1 0 0 1 0 1 0 0
"CHE-292556" 0 0 0 0 0 0 0 0 0 0 0 0 0 0 0 0
"CHE-292142" 0 0 0 0 0 0 0 0 0 0 0 0 0 0 0 0
"CHE-275184" 0 0 0 0 0 0 0 0 0 0 0 1 0 0 0 0
"CHE-274908" 0 0 0 0 0 0 0 0 0 0 0 1 0 0 0 0
"CHE-275022" 0 0 0 0 0 0 0 0 0 0 0 1 0 0 0 0
"CHE-275419" 0 0 0 0 0 0 0 0 0 0 0 1 0 0 0 0
"CHE-295562" 0 0 0 0 0 0 0 0 0 0 0 1 1 0 0 0
"CHE-296774" 0 0 0 0 0 0 0 0 0 0 0 1 1 0 0 0
"CHE-370908" 0 0 0 0 0 0 0 0 0 0 0 1 0 0 0 0
"CHE-276381" 1 0 0 0 0 0 0 0 0 0 0 0 0 0 0 0
"CHE-274818" 0 0 0 0 0 0 0 0 0 0 0 1 0 0 0 0
"CHE-275591" 0 0 0 0 0 0 0 0 0 0 0 1 0 0 0 0
"CHE-367416" 0 0 0 0 0 0 0 0 0 0 0 1 0 0 0 0
"CHE-360207" 0 0 0 0 0 0 0 0 0 0 0 1 0 0 0 0
"CHE-281617" 0 0 0 0 0 0 0 0 0 0 0 1 0 0 0 0
"CHE-362287" 0 0 0 0 0 0 0 1 1 0 0 1 0 1 0 0
"CHE-302238" 0 0 0 0 0 0 0 0 0 0 0 0 0 0 0 0
"CHE-362705" 0 0 0 0 0 0 0 0 0 0 0 1 0 0 0 0
"CHE-364227" 1 0 0 0 0 0 0 0 0 0 0 0 0 0 0 0
"CHE-280500" 0 0 0 0 0 0 0 0 0 0 0 1 1 0 0 0
"CHE-276104" 0 0 0 0 0 0 0 0 0 0 0 1 0 0 0 0
"CHE-388261" 0 0 0 0 0 0 0 0 0 0 0 0 0 0 0 0
"CHE-302061" 1 0 0 0 0 0 0 0 0 0 0 0 0 0 0 0
"CHE-301946" 0 0 0 0 0 0 0 0 0 0 0 0 0 0 0 0
"CHE-364127" 0 0 0 0 0 0 0 0 0 0 0 1 0 0 0 0
"CHE-362928" 0 0 0 0 0 0 0 0 0 1 0 1 0 0 1 0
"CHE-304862" 0 0 0 0 0 0 0 0 0 0 0 0 0 0 0 0
"CHE-296647" 0 0 0 0 0 0 0 0 0 0 0 1 0 0 0 0
"CHE-291906" 0 0 0 0 0 0 0 0 0 0 0 0 0 0 0 0
"CHE-361686" 1 0 0 0 0 0 0 0 0 0 0 1 0 1 0 0
"CHE-296613" 0 0 0 0 0 0 0 0 0 0 0 1 1 0 0 0
"CHE-301803" 0 0 0 0 0 0 0 0 0 0 0 1 0 0 0 0
"CHE-273832" 0 0 1 0 0 0 0 0 0 0 0 1 1 0 0 0
"CHE-276738" 0 0 0 0 0 0 0 0 0 0 0 1 0 0 0 0
"CHE-368420" 0 0 0 0 0 0 0 0 0 0 0 0 0 0 0 0
"CHE-304624" 0 0 0 0 0 0 0 0 0 0 0 0 0 0 0 0
"CHE-362961" 0 1 1 0 0 0 0 0 1 0 0 1 0 1 1 0
"CHE-369346" 0 0 0 0 0 0 0 0 0 0 0 0 0 0 0 0
"CHE-301800" 0 0 0 0 0 0 0 0 0 0 0 0 0 0 0 0
"CHE-275544" 0 0 0 0 0 0 0 0 0 0 0 0 0 0 0 0
"CHE-280349" 0 0 0 0 0 0 0 0 0 0 0 1 0 0 0 0
"CHE-276910" 0 0 0 0 0 0 0 0 0 0 0 1 0 0 0 0
"CHE-360062" 0 0 0 0 0 0 0 1 0 0 0 0 0 0 0 0
"CHE-301574" 0 0 0 0 0 0 0 0 0 0 0 1 0 0 0 0
"CHE-308158" 0 0 0 0 0 0 0 0 0 0 0 0 0 0 0 0
"CHE-367165" 0 0 0 0 0 0 0 0 0 0 0 1 0 0 0 0
"CHE-363812" 0 0 0 0 0 0 0 0 0 0 0 1 0 0 0 0
"CHE-294693" 0 0 0 0 0 0 0 0 0 0 0 1 0 0 0 0
"CHE-277989" 0 0 0 0 0 0 0 0 0 0 0 0 1 0 0 0
"CHE-300540" 0 0 0 0 0 0 0 0 0 0 0 0 0 0 0 0
"CHE-363228" 1 0 0 0 0 0 0 0 0 0 0 0 0 0 0 0
"CHE-361212" 0 0 0 0 0 0 0 0 0 0 0 1 0 1 1 0
"CHE-360678" 0 0 0 0 0 0 0 0 1 0 1 0 0 1 1 0
"CHE-273389" 0 0 1 0 0 0 0 0 0 0 0 1 0 0 0 0
"CHE-360474" 0 0 0 0 0 0 0 0 0 0 0 0 0 0 0 0
"CHE-359946" 0 0 0 0 0 0 0 0 0 0 1 1 0 1 1 0
"CHE-291540" 0 0 0 0 0 0 0 0 0 0 0 0 0 0 0 0
"CHE-281438" 0 0 0 0 0 0 0 0 0 0 0 1 0 0 0 0
"CHE-189928" 0 0 0 0 0 0 0 0 0 0 0 0 0 0 0 0
"CHE-301338" 0 0 0 0 0 0 0 0 0 0 0 1 0 0 0 0
"CHE-370341" 1 0 0 0 0 0 0 0 1 1 0 1 1 0 0 0
"CHE-294542" 0 0 0 0 0 0 0 0 0 0 0 1 0 0 0 0
"CHE-280152" 0 0 0 0 0 0 0 0 0 0 0 0 1 0 0 0
"CHE-382167" 0 0 0 0 0 0 0 0 0 0 0 1 1 0 0 0
"CHE-280141" 0 0 0 0 0 0 0 0 0 0 0 1 0 0 0 0
"CHE-307947" 0 0 0 0 0 0 0 0 0 0 0 0 0 0 0 0
"CHE-304400" 0 0 0 0 0 0 0 0 0 0 0 0 0 0 0 0
"CHE-312504" 0 0 0 0 0 0 0 0 0 0 0 0 0 0 0 0
"CHE-367128" 0 0 0 0 0 0 0 0 0 0 0 1 1 0 0 0
"CHE-280057" 0 0 1 0 0 0 0 1 0 0 0 1 1 0 0 1
"CHE-105002" 0 0 0 0 0 0 0 0 0 0 0 0 0 0 0 0
"CHE-293208" 0 0 0 0 0 0 0 0 0 0 0 0 0 0 0 0
"CHE-367036" 0 0 0 0 0 0 0 0 0 0 0 1 0 0 0 0
"CHE-359673" 0 0 0 0 0 0 0 0 0 0 0 0 0 0 0 0
"CHE-273141" 0 0 1 0 0 0 0 1 0 0 0 1 0 0 0 0
"CHE-291143" 0 0 0 0 0 0 0 0 0 0 0 0 0 0 0 0
"CHE-363675" 0 0 0 0 0 0 0 0 0 0 0 0 0 0 0 0
"CHE-104820" 0 0 0 0 0 0 0 0 0 0 0 0 0 0 0 0
"CHE-277970" 0 0 1 0 1 0 0 0 0 0 0 0 0 0 0 0
"CHE-307733" 0 0 0 0 0 0 0 0 0 0 0 1 0 0 0 0
"CHE-105278" 0 0 0 0 0 0 0 0 0 0 0 0 0 0 0 0
"CHE-295396" 0 0 0 0 0 0 0 0 0 0 0 1 1 0 0 0
"CHE-371726" 1 0 0 0 0 0 0 0 0 0 0 1 1 0 0 0
"CHE-189562" 0 0 0 0 0 0 0 0 0 0 0 0 0 0 0 0
"CHE-301270" 0 0 0 0 0 0 0 0 0 0 0 1 0 0 0 0
"CHE-320742" 0 0 0 0 0 0 0 0 0 0 0 0 0 0 0 0
"CHE-363560" 0 0 0 0 0 0 0 0 0 0 0 0 0 0 0 0
"CHE-366692" 0 0 0 0 0 0 0 0 1 1 0 0 1 0 0 0
"CHE-294403" 0 0 0 0 0 0 0 0 0 0 0 0 0 0 0 0
"CHE-272732" 0 0 0 0 0 0 0 0 0 0 0 0 0 0 0 0
"CHE-293099" 0 0 0 0 0 0 0 0 0 0 0 0 0 0 0 0
"CHE-104689" 0 0 0 0 0 0 0 0 0 0 0 0 0 0 0 0
"CHE-290863" 0 0 0 0 0 0 0 0 0 0 0 0 0 0 0 0
"CHE-383878" 0 0 0 0 0 0 0 0 0 0 0 0 0 0 0 0
"CHE-294191" 0 0 0 0 0 0 0 0 0 0 0 1 1 0 0 0
"CHE-295278" 0 0 0 0 0 0 0 0 0 0 0 1 1 0 0 0
"CHE-307411" 0 0 0 0 0 0 0 0 0 0 0 1 0 0 0 0
"CHE-359241" 0 0 0 0 0 0 0 0 0 0 0 0 0 0 0 0
"CHE-290410" 0 0 0 0 0 0 0 0 0 0 0 0 1 0 0 0
"CHE-359520" 0 0 0 0 0 0 0 1 0 0 0 1 1 0 1 0
"CHE-320605" 0 0 0 0 0 0 0 0 0 0 0 0 0 0 0 0
"CHE-381774" 0 0 0 0 0 0 0 0 0 0 0 0 0 0 0 0
"CHE-300717" 1 0 0 0 0 0 0 0 0 0 0 1 1 0 0 0
"CHE-306944" 0 0 0 0 0 0 0 0 0 0 0 0 0 0 0 0
"CHE-320450" 0 0 0 0 0 0 0 0 0 0 0 1 0 0 0 0
"CHE-366681" 0 0 0 0 0 0 0 0 1 1 0 0 0 0 0 0
"CHE-271663" 0 0 0 0 0 0 0 0 0 0 0 1 1 0 0 0
"CHE-101543" 0 0 0 0 0 0 0 0 0 0 0 0 0 0 0 0
"CHE-104514" 0 0 0 0 0 0 0 0 0 0 0 0 0 0 0 0
"CHE-292968" 0 0 0 0 0 0 0 0 0 0 0 0 1 0 0 0
"CHE-294002" 0 0 0 0 0 0 0 0 0 0 0 1 1 0 0 0
"CHE-290712" 0 0 0 0 0 0 0 0 0 0 0 0 1 0 0 0
"CHE-64333" 0 0 0 0 0 0 0 0 0 0 0 0 0 0 0 0
"CHE-304038" 0 0 0 0 0 0 0 0 0 0 0 0 0 0 0 0
"CHE-51306" 0 0 0 0 0 0 0 0 0 0 0 0 0 0 0 0
"CHE-324049" 0 0 0 0 0 0 0 0 0 0 0 1 0 0 0 0
"CHE-376350" 0 0 0 0 0 0 0 0 0 0 0 1 1 0 0 0
"CHE-290471" 0 0 0 0 0 0 0 0 0 0 0 0 1 0 0 0
"CHE-320080" 0 0 0 0 0 0 0 0 0 0 0 1 0 0 0 0
"CHE-101416" 0 0 0 0 0 0 0 0 0 0 0 0 0 0 0 0
"CHE-307156" 0 0 0 0 0 0 0 0 0 0 0 0 0 0 0 0
"CHE-322293" 0 0 0 0 0 0 0 0 0 0 0 1 0 0 0 0
"CHE-103657" 0 0 0 0 0 0 0 0 0 0 0 0 0 0 0 0
"CHE-100450" 0 0 0 0 0 0 0 0 0 0 0 0 0 0 0 0
"CHE-363462" 0 0 1 0 0 0 0 1 1 0 0 1 0 0 0 0
"CHE-363457" 0 0 0 0 0 0 0 0 1 0 0 0 0 0 0 0
"CHE-272553" 0 0 1 0 0 0 0 1 0 0 0 0 1 0 0 1
"CHE-357709" 0 0 0 0 0 0 0 0 0 0 0 1 0 0 0 0
"CHE-306746" 0 0 0 0 0 0 0 0 0 0 0 0 0 0 0 0
"CHE-323725" 0 0 0 0 0 0 0 0 0 0 0 0 0 0 0 0
"CHE-358578" 0 0 0 0 0 0 0 0 0 0 0 0 0 0 0 0
"CHE-385231" 0 0 0 0 0 0 0 0 0 0 0 0 0 0 0 0
"CHE-323882" 0 0 0 0 0 0 0 0 0 0 0 1 0 0 0 0
"CHE-322236" 0 0 0 0 0 0 0 0 0 0 0 1 0 0 0 0
"CHE-272511" 0 0 1 0 0 0 0 1 0 0 0 0 1 0 0 1
"CHE-59276" 0 0 0 0 0 0 0 0 0 0 0 0 0 0 0 0
"CHE-321417" 1 0 0 0 0 0 0 0 0 0 0 1 0 0 0 0
"CHE-187540" 0 0 0 0 0 0 0 0 0 0 0 0 0 0 0 0
"CHE-322431" 0 0 0 0 0 0 0 0 0 0 0 1 1 0 0 0
"CHE-320343" 0 0 0 0 0 0 0 0 0 0 0 1 1 0 0 0
"CHE-82052" 0 0 0 0 0 0 0 0 0 0 0 0 0 0 0 0
"CHE-303884" 1 0 0 0 0 0 0 0 0 0 0 0 0 0 0 0
"CHE-365140" 0 0 0 0 0 0 0 0 0 0 0 1 0 0 0 0
"CHE-272374" 0 0 0 0 0 0 0 0 0 0 0 0 0 0 0 0
"CHE-289901" 0 0 0 0 0 0 0 0 0 0 0 1 1 0 0 0
"CHE-322667" 0 0 0 0 0 0 0 0 0 0 0 1 0 0 0 0
"CHE-272207" 0 0 1 0 0 0 0 1 0 0 0 0 1 0 0 1
"CHE-322918" 0 0 0 0 0 0 0 0 0 0 0 1 0 0 0 0
"CHE-311405" 0 0 0 0 0 0 0 0 0 0 0 0 0 0 0 0
"CHE-299602" 0 1 1 0 0 0 0 0 0 1 0 1 1 0 0 0
"CHE-101157" 0 0 0 0 0 0 0 0 0 0 0 0 0 0 0 0
"CHE-303716" 0 0 0 0 0 0 0 0 0 0 0 1 0 0 0 0
"CHE-320275" 0 0 0 0 0 0 0 0 0 0 0 1 0 0 0 0
"CHE-79337" 0 0 0 0 0 0 0 0 0 0 0 0 0 0 0 0
"CHE-270982" 0 0 0 0 0 0 0 0 0 0 0 0 0 0 0 0
"CHE-289745" 0 0 0 0 0 0 0 0 0 0 0 1 0 0 0 0
"CHE-81950" 0 0 0 0 0 0 0 0 0 0 0 0 0 0 0 0
"CHE-321642" 0 0 0 0 0 0 0 0 0 0 0 1 0 0 0 0
"CHE-357593" 0 0 0 0 0 0 0 0 0 0 0 0 0 0 0 0
"CHE-63177" 0 0 0 0 0 0 0 0 0 0 0 0 0 0 0 0
"CHE-321871" 0 0 0 0 0 0 0 0 0 0 0 1 0 0 0 0
"CHE-357114" 0 0 0 0 0 0 0 0 0 0 0 0 0 0 0 0
"CHE-319953" 1 0 0 0 0 0 0 0 0 0 0 1 1 0 0 0
"CHE-311063" 1 0 0 0 0 0 0 0 0 0 0 0 0 0 0 0
"CHE-306372" 0 0 0 0 0 0 0 0 0 0 0 1 0 0 0 0
"CHE-379510" 0 0 0 0 0 0 0 0 0 0 0 0 1 0 0 0
"CHE-284193" 0 0 0 0 0 0 0 0 0 0 0 0 0 0 0 0
"CHE-272047" 0 0 1 0 0 0 0 1 0 0 0 1 1 0 0 1
"CHE-323142" 0 0 0 0 0 0 0 0 0 0 0 0 0 0 0 0
"CHE-357443" 0 0 0 0 0 0 0 0 0 0 0 0 0 0 0 0
"CHE-99821" 0 0 0 0 0 0 0 0 0 0 0 0 0 0 0 0
"CHE-270969" 0 0 0 0 0 0 0 0 0 0 0 1 1 0 0 1
"CHE-298589" 1 0 0 0 0 0 0 0 0 0 0 0 0 0 0 0
"CHE-64559" 0 0 0 0 0 0 0 0 0 0 0 0 0 0 0 0
"CHE-289661" 0 0 0 0 0 0 0 0 0 0 0 0 0 0 0 0
"CHE-326786" 0 0 0 0 0 0 0 0 0 0 0 0 0 0 0 0
"CHE-365753" 0 0 0 0 0 0 0 0 0 0 0 0 0 0 0 0
"CHE-186129" 0 0 0 0 0 0 0 0 0 0 0 0 0 0 0 0
"CHE-102552" 0 0 0 0 0 0 0 0 0 0 0 0 0 0 0 0
"CHE-284421" 0 0 0 0 0 0 0 0 0 0 0 0 0 0 0 0
"CHE-326574" 0 0 0 0 0 0 0 0 0 0 0 0 0 0 0 0
"CHE-80406" 0 0 0 0 0 0 0 0 0 0 0 0 0 0 0 0
"CHE-102214" 0 0 0 0 0 0 0 0 0 0 0 0 0 0 0 0
"CHE-284102" 0 0 0 0 0 0 0 0 0 0 0 1 0 0 0 0
"CHE-326499" 0 0 0 0 0 0 0 0 0 0 0 0 0 0 0 0
"CHE-61994" 0 0 0 0 0 0 0 0 0 0 0 0 0 0 0 0
"CHE-319839" 0 0 0 0 0 0 0 0 0 0 0 1 1 0 0 0
"CHE-270894" 0 1 1 0 0 0 0 1 0 0 0 0 1 0 0 0
"CHE-78772" 0 0 0 0 0 0 0 0 0 0 0 0 0 0 0 0
"CHE-309687" 0 0 0 0 0 0 0 0 0 0 0 1 0 0 0 0
"CHE-349046" 0 0 1 0 0 0 0 1 0 0 0 1 1 0 0 0
"CHE-122178" 0 0 0 0 0 0 0 0 0 0 0 0 0 0 0 0
"CHE-44925" 0 0 0 0 0 0 0 0 0 0 0 0 0 0 0 0
"CHE-289616" 1 0 0 0 0 0 0 0 0 0 0 0 0 0 0 0
"CHE-349343" 0 0 0 0 0 0 0 0 0 0 0 1 0 0 0 0
"CHE-380034" 0 0 0 0 0 0 0 0 0 0 0 0 0 0 0 0
"CHE-326755" 0 0 0 0 0 0 0 0 0 0 0 0 0 0 0 0
"CHE-287441" 0 0 0 0 0 0 0 0 0 0 0 1 1 0 0 0
"CHE-94678" 0 0 0 0 0 0 0 0 0 0 0 0 0 0 0 0
"CHE-349041" 0 0 1 0 0 0 0 0 1 1 0 0 0 0 0 0
"CHE-352128" 0 0 0 0 0 0 0 0 0 0 0 1 0 0 0 0
"CHE-349347" 0 0 0 0 0 0 0 0 0 0 0 1 0 0 0 0
"CHE-352198" 1 0 0 0 0 0 0 0 0 0 0 1 0 0 0 0
"CHE-326452" 0 0 0 0 0 0 0 0 0 0 0 1 0 0 0 0
"CHE-283715" 0 0 0 0 0 0 0 0 0 0 0 1 1 0 0 0
"CHE-123449" 0 0 0 0 0 0 0 0 0 0 0 0 0 0 0 0
"CHE-60865" 0 0 0 0 0 0 0 0 0 0 0 1 0 0 0 0
"CHE-80945" 0 0 0 0 0 0 0 0 0 0 0 0 0 0 0 0
"CHE-286836" 0 0 0 0 0 0 0 0 0 0 0 1 1 0 0 0
"CHE-186037" 0 0 0 0 0 0 0 0 0 0 0 0 0 0 0 0
"CHE-94509" 0 0 0 0 0 0 0 0 0 0 0 0 0 0 0 0
"CHE-286250" 0 1 1 0 0 0 0 0 0 0 0 1 1 0 0 0
"CHE-123910" 1 0 0 0 0 0 0 0 0 0 0 1 0 0 0 0
"CHE-326682" 0 0 0 0 0 0 0 0 0 0 0 0 1 0 0 0
"CHE-98689" 0 0 0 0 0 0 0 0 0 0 0 0 0 0 0 0
"CHE-93824" 0 0 0 0 0 0 0 0 0 0 0 0 0 0 0 0
"CHE-283654" 0 1 1 0 0 0 0 0 0 0 0 0 0 0 0 0
"CHE-78266" 0 0 0 0 0 0 0 0 0 0 0 0 0 0 0 0
"CHE-124142" 1 0 0 0 0 0 0 0 0 0 0 1 0 0 0 0
"CHE-286131" 0 0 1 0 0 0 0 0 0 0 0 1 1 0 0 0
"CHE-185010" 0 0 0 0 0 0 0 0 0 0 0 0 0 0 0 0
"CHE-319815" 0 0 0 0 0 0 0 0 0 0 0 0 1 0 0 0
"CHE-270714" 0 1 0 0 0 0 0 1 0 0 0 0 1 0 0 0
"CHE-119401" 0 0 0 0 0 0 0 0 0 0 0 0 0 0 0 0
"CHE-119305" 0 0 0 0 0 0 0 0 0 0 0 0 0 0 0 0
"CHE-289184" 0 0 0 0 0 0 0 0 0 0 0 1 0 0 0 0
"CHE-339154" 0 0 1 0 0 0 0 0 0 0 0 1 1 0 0 0
"CHE-123944" 0 0 0 0 0 0 0 0 0 0 0 1 0 0 0 0
"CHE-123834" 1 0 0 0 0 0 0 0 0 0 0 0 0 0 0 0
"CHE-352916" 0 0 0 0 0 0 0 0 0 0 0 1 0 0 0 0
"CHE-319597" 0 1 0 0 0 0 0 0 0 0 0 1 1 0 0 0
"CHE-270488" 0 1 1 0 0 0 0 1 0 0 0 0 1 0 0 0
"CHE-326443" 0 0 0 0 0 0 0 0 0 0 0 0 0 0 0 0
"CHE-353491" 0 0 0 0 0 0 0 0 0 0 0 1 0 0 0 0
"CHE-339205" 1 0 0 0 0 0 0 0 0 0 0 0 0 0 0 0
"CHE-353257" 1 0 0 0 0 0 0 0 0 0 0 0 0 0 0 0
"CHE-270490" 0 1 1 0 0 0 0 0 0 0 0 0 1 0 0 0
"CHE-349833" 0 0 0 0 0 0 0 0 0 0 0 0 0 0 0 0
"CHE-93685" 0 0 0 0 0 0 0 0 0 0 0 0 0 0 0 0
"CHE-326393" 0 0 0 0 0 0 0 0 0 0 0 0 0 0 0 0
"CHE-97611" 0 0 0 0 0 0 0 0 0 0 0 0 0 0 0 0
"CHE-94378" 0 0 0 0 0 0 0 0 0 0 0 0 0 0 0 0
"CHE-332636" 0 0 0 0 0 0 0 0 0 0 0 1 1 0 0 0
"CHE-78031" 0 0 0 0 0 0 0 0 0 0 0 0 0 0 0 0
"CHE-331843" 0 1 1 0 0 0 0 0 0 0 0 0 1 0 0 0
"CHE-331855" 0 1 0 0 0 0 0 0 0 0 0 0 1 0 0 0
"CHE-121189" 1 0 0 0 0 0 0 0 0 0 0 1 0 0 0 0
"CHE-122308" 1 0 0 0 0 0 0 0 0 0 0 1 1 0 0 0
"CHE-327125" 0 0 0 0 0 0 0 0 0 0 0 1 1 0 0 0
"CHE-77471" 0 0 0 0 0 0 0 0 0 0 0 0 0 0 0 0
"CHE-121812" 0 0 0 0 0 0 0 0 0 0 0 1 1 0 0 0
"CHE-327040" 0 1 0 0 0 0 0 0 0 0 0 0 1 0 0 0
"CHE-270332" 0 1 1 0 0 0 0 1 0 1 0 0 1 0 0 0
"CHE-326351" 0 1 0 0 0 0 0 0 0 0 0 0 1 0 0 0
"CHE-120080" 1 0 0 0 0 0 0 0 0 0 0 1 1 0 0 0
"CHE-319574" 0 0 0 0 0 0 0 0 0 0 0 1 1 0 0 0
"CHE-34233" 0 0 0 0 0 0 0 0 0 0 0 0 0 0 0 0
"CHE-251789" 0 0 0 0 0 0 0 0 0 0 0 1 0 0 0 0
"CHE-340039" 0 0 0 0 0 1 0 0 0 0 0 0 0 0 0 0
"CHE-340350" 0 0 0 0 0 0 0 0 0 0 0 1 1 0 0 0
"CHE-326877" 0 0 0 0 0 0 0 0 0 0 0 1 1 0 0 0
"CHE-93577" 0 0 0 0 0 0 0 0 0 0 0 0 0 0 0 0
"CHE-181213" 0 0 0 0 0 0 0 0 0 0 0 0 0 0 0 0
"CHE-325739" 0 1 1 0 0 0 0 1 0 1 0 0 0 0 0 0
"CHE-319520" 0 0 1 0 0 0 0 1 0 0 0 1 1 0 0 0
"CHE-326308" 0 1 1 0 0 0 0 0 0 0 0 0 1 0 0 0
"CHE-285552" 1 1 1 0 0 0 0 1 0 1 0 1 1 0 0 0
"CHE-325710" 0 1 0 0 0 0 1 0 0 0 0 1 1 0 0 0
"CHE-248951" 0 0 0 0 0 0 0 0 0 0 0 0 0 0 0 0
"CHE-327166" 1 0 0 0 0 0 0 0 0 0 0 0 0 0 0 0
"CHE-283134" 0 1 1 0 0 0 0 0 0 0 0 0 1 0 0 0
"CHE-76966" 0 0 0 0 0 0 0 0 0 0 0 0 0 0 0 0
"CHE-270210" 0 1 1 0 0 0 0 1 0 1 0 0 1 0 0 1
"CHE-117834" 0 0 0 0 0 0 0 0 0 0 0 0 0 0 0 0
"CHE-284639" 0 1 0 0 0 0 0 0 0 0 0 1 1 0 0 0
"CHE-96662" 0 0 0 0 0 0 0 0 0 0 0 0 0 0 0 0
"CHE-270200" 0 1 1 0 0 0 0 1 0 0 0 0 1 0 0 1
"CHE-340564" 0 0 0 0 0 0 0 0 0 0 0 1 1 0 0 0
"CHE-319467" 0 1 1 0 0 0 0 1 0 0 0 1 1 0 0 0
"CHE-350092" 0 0 0 0 0 0 0 0 0 0 0 0 0 0 0 0
"CHE-118224" 1 0 0 0 0 0 0 0 0 0 0 1 1 0 0 0
"CHE-380878" 0 0 0 0 0 0 0 0 0 0 0 0 0 0 0 0
"CHE-332782" 0 0 0 0 0 0 0 0 0 0 0 0 0 0 0 0
"CHE-328963" 1 1 0 0 0 0 0 0 0 0 0 1 1 0 0 0
"CHE-96106" 0 0 0 0 0 0 0 0 0 0 0 0 0 0 0 0
"CHE-355301" 0 0 0 0 0 0 0 0 0 0 0 0 0 0 0 0
"CHE-340797" 0 0 0 0 0 0 0 0 0 0 0 1 1 0 0 0
"CHE-117493" 0 0 0 0 0 0 0 0 0 0 0 0 0 0 0 0
"CHE-284719" 0 1 1 0 0 0 0 0 0 1 0 1 1 0 0 0
"CHE-96196" 0 0 0 0 0 0 0 0 0 0 0 0 0 0 0 0
"CHE-270157" 0 1 1 0 0 0 0 1 0 1 0 0 1 0 1 0
"CHE-325430" 0 1 0 0 0 0 0 0 0 0 0 0 1 0 0 0
"CHE-284608" 0 1 0 0 0 0 0 0 0 0 0 1 1 0 0 0
"CHE-270192" 0 1 1 0 0 0 0 0 0 1 0 0 1 0 0 1
"CHE-76618" 1 0 0 0 0 0 0 0 0 0 0 1 0 0 0 0
"CHE-93091" 0 0 0 0 0 0 0 0 0 0 0 0 0 0 0 0
"CHE-341749" 0 0 0 0 0 0 0 0 0 0 0 1 1 0 0 0
"CHE-283076" 0 1 1 0 0 0 0 0 0 0 0 1 1 0 0 0
"CHE-76124" 0 0 0 0 0 0 0 0 0 0 0 0 0 0 0 0
"CHE-350724" 0 0 0 0 0 0 0 0 0 0 0 0 0 0 0 0
"CHE-356241" 0 0 0 0 0 0 0 0 0 0 0 0 0 0 0 0
"CHE-283047" 0 1 0 0 0 0 0 0 0 0 0 1 1 0 0 0
"CHE-92864" 0 0 0 0 0 0 0 0 0 0 0 0 0 0 0 0
"CHE-329197" 0 0 0 0 0 0 0 0 0 0 0 1 0 0 0 0
"CHE-36246" 0 0 0 0 0 0 0 0 0 0 0 0 0 0 0 0
"CHE-341016" 0 0 0 0 0 0 0 0 0 0 0 0 0 0 0 0
"CHE-324618" 0 1 0 0 0 0 0 0 0 0 0 0 1 0 0 0
"CHE-333091" 0 0 0 0 0 0 0 0 0 0 0 1 0 0 0 0
"CHE-46017" 0 0 0 0 0 0 0 0 0 0 0 0 0 0 0 0
"CHE-282990" 1 1 0 0 0 0 0 0 0 1 0 0 1 0 0 0
"CHE-115221" 0 0 0 0 0 0 0 0 0 0 0 0 0 0 0 0
"CHE-95139" 0 0 0 0 0 0 0 0 0 0 0 1 0 0 0 0
"CHE-313483" 0 1 0 0 0 0 0 1 0 0 0 0 1 0 0 0
"CHE-115532" 0 0 0 0 0 0 0 0 0 0 0 0 0 0 0 0
"CHE-270040" 0 1 0 0 0 0 0 0 0 0 0 1 1 0 0 0
"CHE-114820" 0 0 0 0 0 0 0 0 0 0 0 0 0 0 0 0
"CHE-282977" 1 1 1 0 0 0 0 1 0 1 0 0 1 0 0 1
"CHE-75861" 0 0 0 0 0 0 0 0 0 0 0 0 0 0 0 0
"CHE-75936" 0 0 0 0 0 0 0 0 0 0 0 0 0 0 0 0
"CHE-33320" 0 0 0 0 0 0 0 0 0 0 0 0 0 0 0 0
"CHE-327947" 0 0 0 0 0 0 0 0 0 0 0 0 0 0 0 0
"CHE-333564" 0 0 0 0 0 0 0 0 0 0 0 0 0 0 0 0
"CHE-313507" 0 0 1 0 0 0 0 1 0 0 0 0 1 0 0 0
"CHE-40244" 0 0 0 0 0 0 0 0 0 0 0 0 0 0 0 0
"CHE-313619" 1 0 0 0 0 0 0 0 0 0 0 0 0 0 0 0
"CHE-43391" 0 0 0 0 0 0 0 0 0 0 0 0 0 0 0 0
"CHE-342974" 0 0 0 0 0 0 0 0 0 0 0 1 0 0 0 0
"CHE-343162" 0 0 0 0 0 0 0 0 0 0 0 0 0 0 0 0
"CHE-329554" 0 0 0 0 0 0 0 0 0 0 0 1 0 0 0 0
"CHE-333771" 0 0 0 0 0 0 0 0 0 0 0 0 0 0 0 0
"CHE-351432" 0 0 0 0 0 0 0 0 0 0 0 0 0 0 0 0
"CHE-114549" 1 0 0 0 0 0 0 0 0 0 0 1 1 0 0 0
"CHE-31129" 0 0 0 0 0 0 0 0 0 0 0 0 1 0 0 0
"CHE-270020" 1 1 1 0 0 0 0 0 0 1 0 1 1 0 0 0
"CHE-351560" 0 0 0 0 0 0 0 0 0 0 0 0 0 0 0 0
"CHE-114041" 0 0 0 0 0 0 0 0 0 0 0 0 0 0 0 0
"CHE-343288" 1 0 0 0 0 0 0 0 0 0 0 0 0 0 0 0
"CHE-36625" 0 0 0 0 0 0 0 0 0 0 0 0 0 0 0 0
"CHE-42600" 0 0 0 0 0 0 0 0 0 0 0 0 0 0 0 0
"CHE-334122" 0 0 0 0 0 0 0 0 0 0 0 0 0 0 0 0
"CHE-312574" 0 1 0 0 0 0 0 1 1 1 0 0 1 0 0 0
"CHE-75381" 1 0 0 0 0 0 0 0 0 0 0 0 0 0 0 0
"CHE-91839" 0 0 1 0 0 0 0 0 0 0 0 1 0 0 0 0
"CHE-343444" 0 0 0 0 0 0 0 0 0 0 0 0 0 0 0 0
"CHE-334298" 0 0 0 0 0 0 0 0 0 0 0 0 0 0 0 0
"CHE-314622" 0 0 1 0 0 0 0 0 0 0 0 1 0 0 0 0
"CHE-75280" 0 0 0 0 0 0 0 0 0 0 0 1 0 0 0 0
"CHE-313873" 1 0 0 0 0 0 0 0 0 0 0 0 0 0 0 0
"CHE-75034" 0 0 0 0 0 0 0 0 0 0 0 0 0 0 0 0
"CHE-31067" 0 0 0 0 0 0 0 0 0 0 0 0 1 0 0 0
"CHE-89917" 0 0 0 0 0 0 0 0 0 0 0 0 0 0 0 0
"CHE-91430" 0 0 0 0 0 0 0 0 0 0 0 1 0 0 0 0
"CHE-36514" 0 0 0 0 0 0 0 0 0 0 0 0 0 0 0 0
"CHE-316215" 0 0 0 0 0 0 0 0 0 0 0 1 0 0 0 0
"CHE-177723" 0 1 0 0 1 0 0 0 0 0 0 0 0 0 0 0
"CHE-344505" 0 0 0 0 0 0 0 0 0 0 0 0 0 0 0 0
"CHE-39768" 0 0 0 0 0 0 0 0 0 0 0 0 0 0 0 0
"CHE-260070" 0 0 0 0 0 0 0 0 1 0 0 0 0 0 0 0
"CHE-260048" 0 1 1 0 0 0 1 0 0 0 0 0 1 0 0 0
"CHE-249993" 0 0 0 0 0 0 0 0 0 0 0 0 0 0 0 0
"CHE-90246" 1 0 0 0 0 0 0 0 0 0 0 0 0 0 0 0
"CHE-90285" 0 0 0 0 0 0 0 0 0 0 0 0 0 0 0 0
"CHE-74732" 0 1 0 0 0 0 0 0 0 0 0 0 0 0 0 0
"CHE-260080" 0 1 1 0 0 0 0 1 0 0 0 0 1 0 0 1
"CHE-259922" 0 1 0 0 0 0 0 0 0 0 0 0 1 0 0 0
"CHE-251372" 1 0 0 0 0 0 0 0 0 0 0 1 1 0 0 0
"CHE-316910" 0 1 0 0 0 0 0 1 0 0 0 1 0 0 0 0
"CHE-335072" 0 0 0 0 0 0 0 0 0 0 0 0 0 0 0 0
"CHE-345715" 0 0 0 0 0 0 0 0 0 0 0 0 0 0 0 0
"CHE-41515" 0 0 0 0 0 0 0 0 0 0 0 1 1 0 0 0
"CHE-36189" 0 0 0 0 0 0 0 0 0 0 0 0 0 0 0 0
"CHE-113013" 0 0 0 0 0 0 0 0 0 0 0 0 1 0 0 0
"CHE-259831" 0 1 1 0 0 0 1 0 0 0 0 0 1 0 0 0
"CHE-344932" 0 0 0 0 0 0 0 0 0 0 0 0 0 0 0 0
"CHE-317014" 0 0 0 0 0 0 0 0 0 0 0 0 0 0 0 0
"CHE-335629" 0 0 0 0 0 0 0 0 0 0 0 1 0 0 0 0
"CHE-41388" 0 0 0 0 0 0 0 0 0 0 0 1 1 0 0 0
"CHE-346978" 0 0 0 0 0 0 0 0 0 0 0 0 1 0 0 0
"CHE-248430" 1 0 1 0 0 0 0 0 0 0 0 0 0 0 0 0
"CHE-31961" 0 0 0 0 0 0 0 0 0 0 0 0 0 0 0 0
"CHE-110379" 0 0 0 0 0 0 0 0 0 0 0 0 0 0 0 0
"CHE-347379" 0 0 0 0 0 0 0 0 0 0 0 0 0 0 0 0
"CHE-88964" 0 0 0 0 0 0 0 0 0 0 0 0 0 0 0 0
"CHE-260104" 0 0 0 0 0 0 0 0 0 0 0 0 0 0 0 0
"CHE-40943" 1 1 0 0 0 0 0 0 0 0 0 0 0 0 0 0
"CHE-111804" 0 0 0 0 0 0 0 0 0 0 0 0 0 0 0 0
"CHE-337195" 0 0 0 0 0 0 0 0 0 0 0 0 1 0 0 0
"CHE-317680" 0 0 0 0 0 0 0 0 0 0 0 1 0 0 0 0
"CHE-111578" 0 0 0 0 0 0 0 0 0 0 0 0 1 0 0 0
"CHE-335803" 0 0 0 0 0 0 0 0 0 0 0 0 0 0 0 0
"CHE-260105" 0 0 0 0 0 0 0 0 0 0 0 0 0 0 0 0
"CHE-39199" 0 1 0 0 0 0 0 0 0 0 0 0 0 0 0 0
"CHE-260142" 0 0 0 0 0 0 0 1 0 0 0 0 0 0 0 0
"CHE-256606" 0 0 0 0 0 0 1 0 0 0 0 0 0 0 0 0
"CHE-260622" 0 0 0 0 0 0 0 0 0 0 0 0 0 0 0 0
"CHE-256883" 0 0 0 0 0 0 0 0 0 0 0 0 0 0 0 0
"CHE-260760" 0 0 0 0 0 0 0 0 0 0 0 0 0 0 0 0
"CHE-262333" 0 0 0 0 0 0 0 0 0 0 0 0 0 0 0 0
"CHE-265291" 0 0 0 0 0 0 0 0 0 0 0 0 0 0 0 0
"CHE-39135" 0 1 1 0 0 0 0 0 0 0 0 0 1 0 0 0
"CHE-36113" 0 0 0 0 0 0 0 0 0 0 0 0 0 0 0 0
"CHE-107073" 0 0 0 0 0 0 0 0 0 0 0 0 1 0 0 0
"CHE-257065" 0 0 0 0 0 0 0 0 0 0 0 0 0 0 0 0
"CHE-105460" 0 1 1 0 0 0 0 0 0 0 0 0 1 0 0 0
"CHE-261243" 0 0 0 0 0 0 0 0 0 0 0 0 0 0 0 0
"CHE-262876" 0 0 0 0 0 0 0 0 0 0 0 0 0 0 0 0
"CHE-38015" 0 0 0 0 0 0 0 0 0 0 0 1 0 0 0 0
"CHE-176669" 0 0 0 0 0 0 0 0 0 0 0 0 0 0 0 0
"CHE-107177" 0 1 1 0 0 0 0 0 0 0 0 0 0 0 0 0
"CHE-257317" 0 0 0 0 0 0 0 0 0 0 0 0 0 0 0 0
"CHE-252293" 1 1 0 0 0 0 0 0 0 0 0 0 0 0 0 0
"CHE-70892" 0 0 0 0 0 0 0 0 0 0 0 0 0 0 0 0
"CHE-70500" 0 0 1 0 0 1 0 0 0 0 0 0 0 0 0 0
"CHE-109202" 0 0 0 0 0 0 0 0 0 0 0 0 0 0 0 1
"CHE-257748" 0 0 0 0 0 0 0 0 0 0 0 0 0 0 0 0
"CHE-246777" 0 1 1 0 0 0 1 0 0 0 0 0 0 0 0 0
"CHE-246756" 0 1 1 0 0 0 1 1 0 0 0 0 0 0 0 0
"CHE-37938" 0 0 0 0 0 0 0 0 0 0 0 0 0 0 0 0
"CHE-83620" 0 0 0 0 0 0 0 0 0 0 0 0 0 0 0 0
"CHE-257768" 0 0 0 0 0 0 0 0 0 0 0 0 0 0 0 0
"CHE-257936" 0 0 0 0 0 0 0 0 0 0 0 0 0 0 0 0
"CHE-252720" 0 0 0 0 0 0 0 0 0 0 0 0 0 0 0 0
"CHE-85339" 0 0 1 0 0 0 0 0 0 0 0 0 1 0 0 0
"CHE-246416" 0 1 1 0 0 0 1 1 0 0 0 0 0 0 0 0
"CHE-30760" 0 0 1 0 0 0 0 0 0 0 0 0 1 0 0 0
"CHE-253385" 0 0 0 0 0 0 0 0 0 0 0 1 1 0 0 0
"CHE-245575" 0 1 1 0 0 0 1 0 0 0 0 0 0 0 0 0
"CHE-70459" 1 0 0 0 0 0 0 0 0 0 0 1 1 0 0 0
"CHE-245352" 0 0 1 0 0 0 1 1 0 0 1 0 0 0 0 0
"CHE-245324" 0 0 0 0 0 0 1 0 0 0 0 0 0 0 0 0
"CHE-34568" 0 0 0 0 0 0 0 0 0 0 0 0 0 0 0 0
"CHE-245356" 0 1 1 0 0 0 0 0 0 0 1 0 0 0 0 0
"CHE-254220" 0 0 0 0 0 0 0 0 0 0 0 0 0 0 0 0
"CHE-83599" 0 1 1 0 0 0 0 0 0 0 0 0 1 0 0 0
"CHE-196145" 1 1 0 0 0 0 0 0 0 0 0 0 0 0 0 0
"CHE-174854" 0 0 0 0 0 0 0 0 0 0 0 0 0 0 0 0
"CHE-82180" 0 0 1 0 0 0 0 0 0 0 0 0 1 0 0 0
"CHE-196073" 0 1 1 0 0 0 0 1 0 0 1 0 0 0 0 0
"CHE-195658" 0 1 1 0 0 0 1 0 0 0 1 0 0 0 0 0
"CHE-70446" 0 1 1 0 1 0 0 0 0 0 0 1 1 0 0 1
"CHE-29795" 0 0 0 0 0 0 0 0 0 0 0 0 0 0 0 0
"CHE-195711" 0 1 1 0 0 0 1 1 0 0 0 0 0 0 0 0
"CHE-174731" 0 0 0 0 0 0 0 0 0 0 0 0 0 0 0 0
"CHE-174725" 1 1 1 0 0 0 0 0 0 0 0 0 0 0 0 0
"CHE-195372" 0 1 0 0 0 0 0 0 0 0 1 0 0 0 0 0
"CHE-196383" 1 1 1 0 0 0 0 0 0 0 0 0 0 0 0 0
"CHE-37307" 0 0 0 0 0 0 1 0 0 0 0 0 0 0 0 0
"CHE-28658" 1 1 1 0 0 0 0 0 0 0 0 0 0 0 0 0
"CHE-206240" 0 0 0 0 0 0 0 0 0 0 0 0 0 0 0 0
"CHE-206613" 0 0 0 0 0 0 0 0 0 0 0 0 0 0 0 0
"CHE-68796" 0 0 1 0 1 0 0 0 0 0 0 0 1 0 0 0
"CHE-197164" 0 0 0 0 0 0 0 0 0 0 0 1 1 0 0 0
"CHE-67254" 0 1 1 0 1 0 0 0 0 0 0 0 1 0 0 1
"CHE-173299" 0 1 1 0 0 0 1 1 0 0 1 0 0 0 0 0
"CHE-28208" 0 1 0 0 0 0 1 0 0 0 0 0 0 0 0 0
"CHE-67249" 1 0 1 0 1 0 0 0 0 0 0 0 1 0 0 0
"CHE-190846" 0 0 1 0 0 0 0 0 0 0 0 0 0 0 0 0
"CHE-172350" 0 0 0 0 0 0 0 0 0 0 1 0 0 0 0 0
"CHE-202807" 1 0 0 0 0 0 0 0 0 0 0 0 0 0 0 0
"CHE-172140" 0 1 1 0 0 0 1 1 0 0 1 0 0 0 0 0
"CHE-207367" 0 0 0 0 0 0 0 0 0 0 0 0 1 0 0 0
"CHE-191888" 0 0 0 0 0 0 0 0 0 0 0 0 0 0 0 0
"CHE-172071" 0 1 1 0 0 0 1 0 0 0 1 0 0 0 0 0
"CHE-228130" 0 0 0 0 0 0 0 0 0 0 0 0 0 0 0 0
"CHE-192295" 0 0 0 0 0 0 0 0 0 0 0 0 1 0 0 0
"CHE-209169" 0 0 0 0 0 0 0 0 0 0 0 0 1 0 0 0
"CHE-237370" 0 0 0 0 0 0 0 0 0 0 0 0 0 0 0 0
"CHE-228018" 0 0 0 0 0 0 0 0 0 0 0 0 1 0 0 0
"CHE-165680" 0 0 1 0 0 0 1 0 0 0 1 0 0 0 0 0
"CHE-192503" 0 0 0 0 0 0 0 0 0 0 0 0 1 0 0 0
"CHE-12907" 0 0 0 0 0 0 0 0 0 0 0 0 0 0 0 0
"CHE-230265" 0 0 1 0 0 0 0 0 0 0 0 0 1 0 0 0
"CHE-12328" 0 0 0 0 0 0 0 0 0 0 0 0 0 0 0 0
"CHE-227729" 0 0 0 0 0 0 0 0 0 0 0 0 0 0 0 0
"CHE-230327" 0 0 0 0 0 0 0 0 0 0 0 0 1 0 0 0
"CHE-154761" 0 0 1 0 0 0 0 0 0 0 0 0 0 0 0 0
"CHE-236505" 0 0 1 0 0 0 0 1 0 0 0 0 0 0 0 0
"CHE-213245" 0 1 0 0 0 0 0 0 0 0 0 1 1 0 0 0
"CHE-238550" 0 0 0 0 0 0 0 0 0 0 0 0 1 0 0 0
"CHE-17773" 0 1 0 0 0 0 0 0 0 0 0 0 1 0 0 1
"CHE-15656" 0 1 1 0 1 0 1 1 1 1 0 0 1 0 0 0
"CHE-18255" 0 0 0 0 0 0 0 0 0 0 0 1 0 0 0 0
"CHE-11769" 0 0 1 0 0 0 0 0 0 0 0 0 0 0 0 0
"CHE-17565" 0 0 0 0 0 0 0 0 0 0 0 0 0 0 0 0
"CHE-127580" 0 0 0 0 0 0 0 0 0 0 1 0 0 0 0 0
"CHE-127637" 0 1 0 0 0 0 0 1 0 0 0 0 0 0 0 0
"CHE-242353" 0 0 0 0 0 0 0 0 0 0 0 0 0 0 0 0
"CHE-20250" 0 1 1 0 0 0 0 0 0 0 0 1 1 1 0 0
"CHE-18361" 0 1 1 0 1 0 0 0 0 0 0 0 1 0 0 0
"CHE-20419" 0 0 0 0 0 0 0 0 0 0 0 0 1 0 0 0
"CHE-230765" 0 0 0 0 0 0 0 0 0 0 0 0 1 0 0 0
"CHE-11232" 0 0 0 0 0 0 0 0 0 0 0 0 0 0 0 0
"CHE-234435" 0 0 0 0 0 1 0 0 0 0 0 0 0 0 0 0
"CHE-156412" 0 0 0 0 0 0 0 0 0 0 0 0 0 0 0 0
"CHE-20451" 0 0 0 0 0 0 0 0 0 0 0 1 0 0 0 0
"CHE-234572" 0 0 0 0 0 0 0 0 0 0 0 0 1 0 1 0
"CHE-13889" 0 1 1 1 0 0 1 1 0 1 1 0 1 0 0 0
"CHE-9977" 0 0 0 0 0 0 0 0 0 0 0 0 1 0 0 0
"CHE-9905" 0 1 1 1 0 0 1 1 0 1 1 0 0 0 0 0
"CHE-194655" 0 0 0 0 0 0 0 0 0 0 0 0 0 0 0 0
"CHE-231749" 0 0 0 0 0 0 0 0 0 0 0 0 1 0 0 0
"CHE-10249" 0 0 0 0 0 0 0 0 0 0 0 0 0 0 0 0
"CHE-156578" 0 0 0 0 0 0 0 0 0 0 0 0 0 0 0 0
"CHE-18653" 0 0 0 0 0 0 0 0 0 0 0 0 0 0 0 1
"CHE-216052" 0 0 0 0 0 0 0 0 0 0 0 0 1 0 0 0
"CHE-234792" 0 0 0 0 0 0 0 0 0 0 0 0 0 0 0 0
"CHE-128674" 0 1 1 0 0 0 0 0 0 0 1 0 0 0 0 0
"CHE-8727" 0 1 1 0 1 0 1 0 0 0 0 0 1 0 0 0
"CHE-8780" 0 1 1 0 1 0 1 0 0 0 0 0 0 0 0 0
"CHE-129014" 0 0 1 0 0 0 0 0 0 0 0 0 0 0 0 0
"CHE-20946" 0 0 0 0 0 0 0 0 0 0 0 0 0 0 0 0
"CHE-169549" 0 0 0 0 0 0 0 0 0 0 0 0 0 0 0 0
"CHE-157529" 0 0 0 0 0 0 0 0 0 0 0 0 0 0 0 0
"CHE-6224" 0 1 1 0 1 0 1 0 0 1 1 0 1 0 0 0
"CHE-21186" 0 0 0 0 0 0 0 0 0 0 0 1 0 0 0 0
"CHE-159994" 0 0 0 0 0 0 0 0 0 0 0 0 0 0 0 0
"CHE-157930" 0 0 0 0 0 0 0 0 0 0 0 0 0 0 0 0
"CHE-160732" 0 0 0 0 0 0 0 0 0 0 0 0 0 0 0 0
"CHE-19491" 0 0 0 0 0 0 0 0 0 0 0 0 0 0 0 0
"CHE-217632" 0 0 0 0 0 0 0 0 0 0 0 0 1 0 0 0
"CHE-19533" 0 0 0 0 0 0 0 0 0 0 0 0 0 0 0 0
"CHE-21783" 0 0 0 0 0 0 0 0 0 0 0 1 0 0 0 0
"CHE-19864" 0 0 0 0 0 0 0 0 0 0 0 0 0 0 0 0
"CHE-161225" 0 0 0 0 0 0 0 0 0 0 0 0 0 0 0 0
"CHE-130326" 0 0 0 0 0 0 0 0 0 0 0 0 1 0 0 0
"CHE-220163" 0 0 0 0 0 0 0 0 0 0 0 0 1 0 0 0
"CHE-4674" 0 0 1 0 1 0 1 1 0 1 1 0 1 0 0 0
"CHE-23969" 0 0 0 0 0 0 0 0 0 0 0 0 0 0 0 0
"CHE-132620" 0 0 0 0 0 0 0 0 0 0 0 0 1 0 0 0
"CHE-218137" 0 0 0 0 0 0 0 0 0 0 0 1 0 0 0 0
"CHE-22014" 0 0 0 0 0 0 0 0 0 0 0 0 0 0 0 0
"CHE-22111" 0 0 0 0 0 0 0 0 0 0 0 1 0 0 0 0
"CHE-22120" 0 0 0 0 0 0 0 0 0 0 0 1 0 0 0 0
"CHE-22231" 0 0 0 0 0 0 0 0 0 0 0 0 0 0 0 0
"CHE-22962" 0 0 0 0 0 0 0 0 0 0 0 1 0 0 0 0
"CHE-23553" 0 0 0 0 0 0 0 0 0 0 0 0 0 0 0 0
"CHE-142628" 0 0 0 0 0 0 0 0 0 0 0 0 0 0 0 0
"CHE-22425" 0 0 0 0 0 0 0 0 0 0 0 0 0 0 0 0
"CHE-23713" 0 0 0 0 0 0 0 0 0 0 0 0 0 0 0 0
"CHE-133307" 0 0 0 0 0 0 0 0 0 0 0 0 1 0 0 0
"CHE-23217" 0 0 0 0 0 0 0 0 0 0 0 0 0 0 0 0
"CHE-143170" 0 0 0 0 0 0 0 0 0 0 0 0 1 0 0 0
"CHE-219758" 0 0 0 0 0 0 0 0 0 0 0 0 0 0 0 0
"CHE-26060" 0 0 0 0 0 0 0 0 0 0 0 0 0 0 0 0
"CHE-223415" 0 0 0 0 0 0 0 0 0 0 0 0 1 0 0 0
"CHE-134507" 0 0 0 0 0 0 0 0 0 0 0 0 0 0 0 0
"CHE-145601" 0 0 0 0 0 0 0 0 0 0 0 0 1 0 0 0
"CHE-149934" 0 0 0 0 0 0 0 0 0 0 0 0 0 0 0 0
"CHE-151058" 0 0 0 0 0 0 0 0 0 0 0 0 0 0 0 0
"CHE-147188" 0 0 0 0 0 0 0 0 0 0 0 0 0 0 0 0
"CHE-135451" 0 0 0 0 0 0 0 0 0 0 0 0 0 0 0 0
"CHE-225948" 0 0 0 0 0 0 0 0 0 0 0 0 0 0 0 0
"CHE-152538" 0 0 0 0 0 0 0 0 0 0 0 0 0 0 0 0
