"LCBD_repl" "LCBD_rich" "LCBD_D"
"CHE-373605" 0.000644228481497581 0.00220696823075738 0.00147154283913714
"CHE-362099" 0.00163909801127201 0.00146553903753374 0.00162997452046405
"CHE-373534" 0.00230527693003344 0.00133742008088809 0.00179498817145248
"CHE-297571" 0.000866768142775887 0.00228066087514477 0.00172533490011886
"CHE-282069" 0.00163909801127201 0.00146553903753374 0.00162997452046405
"CHE-274427" 0.000866768142775887 0.00228066087514477 0.00172533490011886
"CHE-373214" 0.00171140543717714 0.00177749911166987 0.00168329575533372
"CHE-281186" 0.000866768142775887 0.00228066087514477 0.00172533490011886
"CHE-295159" 0.00235036120835107 0.00120436254606731 0.00175627321150952
"CHE-361800" 0.00142118324593454 0.00120436254606731 0.00138084663554151
"CHE-281173" 0.000866768142775887 0.00228066087514477 0.00172533490011886
"CHE-364587" 0.000644939301635678 0.00133742008088809 0.00106879178396362
"CHE-360340" 0.00268123620632593 0.00120436254606731 0.00186020462564074
"CHE-274595" 0.00163909801127201 0.00146553903753374 0.00162997452046405
"CHE-389580" 0.00264960489736862 0.00146553903753374 0.00197276315257964
"CHE-282775" 0.00142118324593454 0.00120436254606731 0.00138084663554151
"CHE-297388" 0.0020544008248865 0.00120436254606731 0.00164524531389954
"CHE-297899" 0.00142118324593454 0.00120436254606731 0.00138084663554151
"CHE-274327" 0.000644939301635678 0.00133742008088809 0.00106879178396362
"CHE-282626" 0.00167900604630503 0.00133742008088809 0.00149406476317372
"CHE-297365" 0.000195080380538319 0.00177749911166988 0.00113331735339652
"CHE-274206" 0.000644939301635677 0.00133742008088809 0.00106879178396362
"CHE-280936" 0.000644939301635677 0.00133742008088809 0.00106879178396362
"CHE-295852" 0.00242312837181906 0.00120436254606731 0.00178273860986855
"CHE-360317" 0.00142118324593454 0.00120436254606731 0.00138084663554151
"CHE-297236" 0.000644939301635677 0.00133742008088809 0.00106879178396362
"CHE-281913" 0.00163909801127201 0.00146553903753374 0.00162997452046405
"CHE-371131" 0.00284779055359515 0.00120436254606731 0.00183196327238006
"CHE-274168" 0.000644939301635678 0.00133742008088809 0.00106879178396362
"CHE-274162" 0.000644939301635678 0.00133742008088809 0.00106879178396362
"CHE-372384" 0.00264960489736863 0.00146553903753374 0.00197276315257964
"CHE-282622" 0.00167900604630503 0.00133742008088809 0.00149406476317372
"CHE-281762" 0.00142118324593454 0.00120436254606731 0.0013808466355415
"CHE-275604" 0.000866768142775887 0.00228066087514477 0.00172533490011886
"CHE-282284" 0.000644939301635678 0.00133742008088809 0.00106879178396362
"CHE-280745" 0.00142118324593454 0.00120436254606731 0.0013808466355415
"CHE-282333" 0.000644939301635677 0.00133742008088809 0.00106879178396362
"CHE-274025" 0.000644939301635678 0.00133742008088809 0.00106879178396362
"CHE-364448" 0.00232264417196002 0.00120436254606731 0.00170263011856864
"CHE-302423" 0.000866768142775887 0.00228066087514477 0.00172533490011886
"CHE-362413" 0.000866768142775887 0.00228066087514477 0.00172533490011886
"CHE-372352" 0.00303693711248324 0.00120436254606731 0.00191153188298295
"CHE-361711" 0.000394673359882207 0.00220696823075738 0.00140834188794335
"CHE-292556" 0.00163909801127201 0.00146553903753374 0.00162997452046405
"CHE-292142" 0.00264960489736863 0.00146553903753374 0.00197276315257964
"CHE-275184" 0.000644939301635678 0.00133742008088809 0.00106879178396361
"CHE-274908" 0.00217023296461741 0.00133742008088809 0.00158060612365368
"CHE-275022" 0.000644939301635678 0.00133742008088809 0.00106879178396361
"CHE-275419" 0.00265968084872712 0.00120436254606731 0.00176388888996801
"CHE-295562" 0.000195080380538319 0.00177749911166986 0.00113331735339652
"CHE-296774" 0.000195080380538319 0.00177749911166986 0.00113331735339652
"CHE-370908" 0.00225151201751346 0.00133742008088809 0.00159635053895126
"CHE-276381" 0.00264960489736863 0.00146553903753374 0.00197276315257964
"CHE-274818" 0.00167729172707327 0.00120436254606731 0.00139546117614687
"CHE-275591" 0.00136144701402973 0.00146553903753374 0.00156415943594127
"CHE-367416" 0.00139800981895706 0.00133742008088809 0.00139657687722768
"CHE-360207" 0.00345993222750584 0.00146553903753375 0.00221752046233342
"CHE-281617" 0.000644939301635678 0.00133742008088809 0.00106879178396362
"CHE-362287" 0.00142118324593453 0.00120436254606731 0.0013808466355415
"CHE-302238" 0.00163909801127201 0.00146553903753375 0.00162997452046405
"CHE-362705" 0.00167900604630503 0.00133742008088809 0.00149406476317372
"CHE-364227" 0.00232264417196003 0.00120436254606731 0.00170263011856864
"CHE-280500" 0.000644939301635679 0.00133742008088809 0.00106879178396362
"CHE-276104" 0.00136144701402973 0.00146553903753375 0.00156415943594127
"CHE-388261" 0.0022039415449545 0.00133742008088809 0.00172961287534571
"CHE-302061" 0.00267962744174878 0.00120436254606731 0.00190017981068374
"CHE-301946" 0.000866768142775887 0.00228066087514477 0.00172533490011886
"CHE-364127" 0.000817743417792635 0.00177749911166987 0.00133171959185301
"CHE-362928" 0.000817743417792635 0.00177749911166987 0.00133171959185301
"CHE-304862" 0.000866768142775887 0.00228066087514477 0.00172533490011886
"CHE-296647" 0.00163909801127201 0.00146553903753375 0.00162997452046405
"CHE-291906" 0.00142118324593454 0.00120436254606731 0.0013808466355415
"CHE-361686" 0.000236428592552886 0.00220696823075739 0.00135516228117151
"CHE-296613" 0.00019508038053832 0.00177749911166987 0.00113331735339653
"CHE-301803" 0.00142487977754041 0.00133742008088809 0.00139520485184317
"CHE-273832" 0.000644939301635679 0.00133742008088809 0.00106879178396362
"CHE-276738" 0.00128532795994193 0.00177749911166987 0.00148185231022851
"CHE-368420" 0.00163909801127201 0.00146553903753375 0.00162997452046405
"CHE-304624" 0.000866768142775887 0.00228066087514477 0.00172533490011886
"CHE-362961" 0.00213453720296309 0.00146553903753375 0.00182721068198141
"CHE-369346" 0.000866768142775887 0.00228066087514477 0.00172533490011886
"CHE-301800" 0.00163909801127201 0.00146553903753375 0.00162997452046405
"CHE-275544" 0.00163909801127201 0.00146553903753375 0.00162997452046405
"CHE-280349" 0.000243798800460367 0.00220696823075739 0.00135788856214479
"CHE-276910" 0.000239860400200126 0.00220696823075739 0.00124627285441137
"CHE-360062" 0.00181311081724161 0.00177749911166987 0.00162033168644423
"CHE-301574" 0.0020544008248865 0.00120436254606731 0.00164524531389954
"CHE-308158" 0.000866768142775888 0.00228066087514477 0.00172533490011886
"CHE-367165" 0.00139800981895706 0.00133742008088809 0.00139657687722768
"CHE-363812" 0.000747638375441392 0.00177749911166987 0.00131530933728229
"CHE-294693" 0.00019508038053832 0.00177749911166987 0.00113331735339653
"CHE-277989" 0.00284779055359515 0.00120436254606731 0.00183196327238006
"CHE-300540" 0.00306555111964358 0.00146553903753375 0.00209241515930419
"CHE-363228" 0.00321353458433851 0.00228066087514477 0.00258239541626558
"CHE-361212" 0.000485411662997157 0.00177749911166987 0.00122984780483128
"CHE-360678" 0.00231360030536869 0.00120436254606731 0.00164645803415497
"CHE-273389" 5.68019214260991e-05 0.00260791612092931 0.00147886747111401
"CHE-360474" 0.00294577544183868 0.00228066087514477 0.00245735706688094
"CHE-359946" 0.00294577544183868 0.00228066087514477 0.00245735706688094
"CHE-291540" 0.00064493930163568 0.00133742008088809 0.00106879178396362
"CHE-281438" 0.00064493930163568 0.00133742008088809 0.00106879178396362
"CHE-189928" 0.000866768142775888 0.00228066087514477 0.00172533490011886
"CHE-301338" 0.00019508038053832 0.00177749911166987 0.00113331735339653
"CHE-370341" 1.60597854872483e-05 0.00292552005922434 0.00162221482622049
"CHE-294542" 0.00142118324593454 0.00120436254606731 0.0013808466355415
"CHE-280152" 0.00213453720296309 0.00146553903753375 0.00182721068198141
"CHE-382167" 0.00167729172707327 0.00120436254606731 0.00139546117614687
"CHE-280141" 0.00064493930163568 0.00133742008088809 0.00106879178396362
"CHE-307947" 0.000866768142775888 0.00228066087514477 0.00172533490011886
"CHE-304400" 0.00212499835400349 0.00133742008088809 0.00173836771758522
"CHE-312504" 0.00264960489736863 0.00146553903753375 0.00197276315257965
"CHE-367128" 0.00139800981895706 0.00133742008088809 0.00139657687722768
"CHE-280057" 0.000485411662997156 0.00177749911166987 0.00122984780483128
"CHE-105002" 0.000866768142775888 0.00228066087514477 0.00172533490011886
"CHE-293208" 0.00142487977754041 0.00133742008088809 0.00139520485184317
"CHE-367036" 0.000539126094005202 0.00177749911166987 0.00125157840390381
"CHE-359673" 0.00294577544183868 0.00228066087514477 0.00245735706688095
"CHE-273141" 0.00167729172707327 0.00120436254606731 0.00139546117614687
"CHE-291143" 0.00064493930163568 0.00133742008088809 0.00106879178396362
"CHE-363675" 0.0011899985663026 0.00228066087514477 0.0021120776457063
"CHE-104820" 0.000866768142775887 0.00228066087514477 0.00172533490011886
"CHE-277970" 0.00412573727009175 0.00146553903753375 0.00250604376019641
"CHE-307733" 0.00143945633217932 0.00120436254606731 0.00139822892085803
"CHE-105278" 0.000866768142775887 0.00228066087514477 0.00172533490011886
"CHE-295396" 0.00064493930163568 0.00133742008088809 0.00106879178396362
"CHE-371726" 0.000320463512326402 0.00260791612092931 0.00154541500106547
"CHE-189562" 0.000866768142775887 0.00228066087514477 0.00172533490011886
"CHE-301270" 0.00142118324593454 0.00120436254606731 0.00138084663554151
"CHE-320742" 0.00268822591899788 0.00120436254606731 0.00186540647744261
"CHE-363560" 0.0025616602984021 0.00120436254606731 0.00171878452027893
"CHE-366692" 0.000442560460837052 0.00220696823075739 0.00142109941451405
"CHE-294403" 0.00167729172707327 0.00120436254606731 0.00139546117614688
"CHE-272732" 0.00118999856630261 0.00228066087514477 0.0021120776457063
"CHE-293099" 0.00173710463928118 0.00133742008088809 0.00140947551070394
"CHE-104689" 0.000866768142775887 0.00228066087514477 0.00172533490011886
"CHE-290863" 0.00064493930163568 0.00133742008088809 0.00106879178396362
"CHE-383878" 0.00163909801127201 0.00146553903753375 0.00162997452046405
"CHE-294191" 0.000747638375441391 0.00177749911166987 0.00131530933728229
"CHE-295278" 8.05325831690638e-05 0.00220696823075739 0.00131894889025964
"CHE-307411" 0.00019508038053832 0.00177749911166987 0.00113331735339653
"CHE-359241" 0.00259064280290559 0.00146553903753375 0.00194417496917032
"CHE-290410" 0.00064493930163568 0.00133742008088809 0.00106879178396362
"CHE-359520" 0.00231360030536869 0.00120436254606731 0.00164645803415497
"CHE-320605" 0.00268822591899787 0.00120436254606731 0.00186540647744261
"CHE-381774" 0.00125097064952905 0.00177749911166987 0.00148136351075648
"CHE-300717" 0.000493374982746756 0.00260791612092931 0.00135655969110435
"CHE-306944" 0.000866768142775887 0.00228066087514477 0.00172533490011886
"CHE-320450" 0.000817743417792636 0.00177749911166987 0.00133171959185301
"CHE-366681" 0.0032848325721129 0.00146553903753375 0.00215189704083735
"CHE-271663" 0.00064493930163568 0.00133742008088809 0.00106879178396362
"CHE-101543" 0.000866768142775887 0.00228066087514477 0.00172533490011886
"CHE-104514" 0.000866768142775887 0.00228066087514477 0.00172533490011886
"CHE-292968" 0.00173710463928118 0.00133742008088809 0.00140947551070394
"CHE-294002" 0.00064493930163568 0.00133742008088809 0.00106879178396362
"CHE-290712" 0.00019508038053832 0.00177749911166987 0.00113331735339653
"CHE-64333" 0.000866768142775887 0.00228066087514477 0.00172533490011886
"CHE-304038" 0.00142487977754041 0.00133742008088809 0.00139520485184317
"CHE-51306" 0.000866768142775887 0.00228066087514477 0.00172533490011886
"CHE-324049" 0.00163909801127201 0.00146553903753375 0.00162997452046405
"CHE-376350" 0.000620906803646931 0.00177749911166987 0.00127233207770223
"CHE-290471" 0.00064493930163568 0.00133742008088809 0.00106879178396362
"CHE-320080" 0.00163909801127201 0.00146553903753375 0.00162997452046405
"CHE-101416" 0.000866768142775888 0.00228066087514477 0.00172533490011886
"CHE-307156" 0.00019508038053832 0.00177749911166987 0.00113331735339653
"CHE-322293" 0.00064493930163568 0.00133742008088809 0.00106879178396362
"CHE-103657" 0.000866768142775888 0.00228066087514477 0.00172533490011886
"CHE-100450" 0.000866768142775888 0.00228066087514477 0.00172533490011886
"CHE-363462" 0.000644228481497582 0.00220696823075739 0.00147154283913714
"CHE-363457" 0.00255635512629744 0.00133742008088809 0.00183626970736902
"CHE-272553" 0.00189956378979148 0.00133742008088809 0.00148991389422682
"CHE-357709" 0.000539126094005201 0.00177749911166987 0.00125157840390381
"CHE-306746" 0.00019508038053832 0.00177749911166987 0.00113331735339653
"CHE-323725" 0.00163909801127201 0.00146553903753375 0.00162997452046405
"CHE-358578" 0.00142118324593454 0.00120436254606731 0.00138084663554151
"CHE-385231" 0.00142118324593454 0.00120436254606731 0.00138084663554151
"CHE-323882" 0.00163909801127201 0.00146553903753375 0.00162997452046405
"CHE-322236" 0.000485411662997157 0.00177749911166987 0.00122984780483128
"CHE-272511" 0.00189956378979148 0.00133742008088809 0.00148991389422682
"CHE-59276" 0.000866768142775887 0.00228066087514477 0.00172533490011885
"CHE-321417" 0.000243798800460368 0.0022069682307574 0.0013578885621448
"CHE-187540" 0.00163909801127201 0.00146553903753375 0.00162997452046405
"CHE-322431" 0.000117625390477223 0.0022069682307574 0.00133661639262957
"CHE-320343" 0.000644939301635681 0.00133742008088809 0.00106879178396362
"CHE-82052" 0.000866768142775888 0.00228066087514477 0.00172533490011886
"CHE-303884" 0.00267962744174878 0.00120436254606731 0.00190017981068374
"CHE-365140" 7.198905513317e-05 0.0022069682307574 0.00127921614744542
"CHE-272374" 0.00294577544183867 0.00228066087514477 0.00245735706688095
"CHE-289901" 8.05325831690637e-05 0.0022069682307574 0.00131894889025964
"CHE-322667" 0.000539126094005201 0.00177749911166987 0.00125157840390381
"CHE-272207" 0.00167729172707327 0.00120436254606731 0.00139546117614688
"CHE-322918" 0.000644939301635681 0.00133742008088809 0.00106879178396362
"CHE-311405" 0.00163909801127201 0.00146553903753375 0.00162997452046405
"CHE-299602" 5.68019214260992e-05 0.00260791612092931 0.00147886747111401
"CHE-101157" 0.000866768142775888 0.00228066087514477 0.00172533490011885
"CHE-303716" 0.00019508038053832 0.00177749911166987 0.00113331735339653
"CHE-320275" 0.00142118324593454 0.00120436254606731 0.00138084663554151
"CHE-79337" 0.000866768142775888 0.00228066087514477 0.00172533490011885
"CHE-270982" 0.00102691913205526 0.00228066087514477 0.00202576321099114
"CHE-289745" 0.000644939301635681 0.00133742008088809 0.00106879178396362
"CHE-81950" 0.000866768142775887 0.00228066087514477 0.00172533490011885
"CHE-321642" 0.000644939301635681 0.00133742008088809 0.00106879178396362
"CHE-357593" 0.00285676256652813 0.00146553903753375 0.00200001411873811
"CHE-63177" 0.000866768142775887 0.00228066087514477 0.00172533490011885
"CHE-321871" 0.000644939301635681 0.00133742008088809 0.00106879178396362
"CHE-357114" 0.00143859685296316 0.00146553903753375 0.00156136489632854
"CHE-319953" 0.000243798800460368 0.0022069682307574 0.0013578885621448
"CHE-311063" 0.00201081444737767 0.00133742008088809 0.00163858579946668
"CHE-306372" 0.00019508038053832 0.00177749911166987 0.00113331735339653
"CHE-379510" 0.00287841343103095 0.00133742008088809 0.00190039045669472
"CHE-284193" 0.00167729172707327 0.00120436254606731 0.00139546117614688
"CHE-272047" 0.00187055780780369 0.00177749911166987 0.00163295883797485
"CHE-323142" 0.00236514523271008 0.00133742008088809 0.00182511316635158
"CHE-357443" 0.000866768142775887 0.00228066087514477 0.00172533490011885
"CHE-99821" 0.000866768142775887 0.00228066087514477 0.00172533490011885
"CHE-270969" 0.00178041259873714 0.00177749911166987 0.00159729205395981
"CHE-298589" 0.00339764153050802 0.00120436254606731 0.0020893072377653
"CHE-64559" 0.000866768142775887 0.00228066087514477 0.00172533490011885
"CHE-289661" 0.00125097064952905 0.00177749911166987 0.00148136351075648
"CHE-326786" 0.00294577544183867 0.00228066087514477 0.00245735706688095
"CHE-365753" 0.00298684154485916 0.00120436254606731 0.00192938674211796
"CHE-186129" 0.00267962744174878 0.00120436254606731 0.00190017981068374
"CHE-102552" 0.000866768142775887 0.00228066087514477 0.00172533490011885
"CHE-284421" 0.00188220266776271 0.00228066087514477 0.00227264214921295
"CHE-326574" 0.00346380910007739 0.00146553903753375 0.00226102890729349
"CHE-80406" 0.0021615967812513 0.00146553903753375 0.00181096592690483
"CHE-102214" 0.000866768142775887 0.00228066087514477 0.00172533490011885
"CHE-284102" 0.000644939301635681 0.00133742008088809 0.00106879178396362
"CHE-326499" 0.00294577544183867 0.00228066087514477 0.00245735706688095
"CHE-61994" 0.00185301845048322 0.00120436254606731 0.00153605488317015
"CHE-319839" 0.000817743417792637 0.00177749911166987 0.00133171959185301
"CHE-270894" 0.00167729172707327 0.00120436254606731 0.00139546117614688
"CHE-78772" 0.00242312837181906 0.00120436254606731 0.00178273860986855
"CHE-309687" 0.000493374982746756 0.00260791612092931 0.00135655969110436
"CHE-349046" 0.000644228481497582 0.0022069682307574 0.00147154283913714
"CHE-122178" 0.000866768142775888 0.00228066087514477 0.00172533490011885
"CHE-44925" 0.000866768142775888 0.00228066087514477 0.00172533490011885
"CHE-289616" 0.00244314953839813 0.00133742008088809 0.0017394722433219
"CHE-349343" 0.000485411662997157 0.00177749911166988 0.00122984780483128
"CHE-380034" 0.00172760546021647 0.00177749911166988 0.00168484930891177
"CHE-326755" 0.00294577544183867 0.00228066087514477 0.00245735706688095
"CHE-287441" 0.000644939301635681 0.00133742008088809 0.00106879178396362
"CHE-94678" 0.000866768142775888 0.00228066087514477 0.00172533490011885
"CHE-349041" 0.00235683894672786 0.00120436254606731 0.00165468635406584
"CHE-352128" 0.00166736333768448 0.00177749911166988 0.00161225854419757
"CHE-349347" 0.00142028269239661 0.00177749911166988 0.00155483753721254
"CHE-352198" 0.000768531548754526 0.00292552005922434 0.00145526759589991
"CHE-326452" 0.00346380910007739 0.00146553903753375 0.00226102890729349
"CHE-283715" 0.000394673359882207 0.0022069682307574 0.00140834188794336
"CHE-123449" 0.000866768142775888 0.00228066087514477 0.00172533490011885
"CHE-60865" 0.00110695218040709 0.00133742008088809 0.00125839315517614
"CHE-80945" 0.000866768142775888 0.00228066087514477 0.00172533490011885
"CHE-286836" 0.00217023296461741 0.00133742008088809 0.00158060612365368
"CHE-186037" 0.00142526730812688 0.00146553903753375 0.00158709749054339
"CHE-94509" 0.000866768142775888 0.00228066087514477 0.00172533490011885
"CHE-286250" 0.00167729172707327 0.00120436254606731 0.00139546117614688
"CHE-123910" 0.00242312837181906 0.00120436254606731 0.00178273860986855
"CHE-326682" 0.00282642245926215 0.00146553903753375 0.0019993772001524
"CHE-98689" 0.000866768142775888 0.00228066087514477 0.00172533490011885
"CHE-93824" 0.000866768142775888 0.00228066087514477 0.00172533490011885
"CHE-283654" 0.00189956378979148 0.00133742008088809 0.00148991389422682
"CHE-78266" 0.00124570057605905 0.00177749911166988 0.00150387782814802
"CHE-124142" 0.00242312837181906 0.00120436254606731 0.00178273860986855
"CHE-286131" 0.00167729172707327 0.00120436254606731 0.00139546117614688
"CHE-185010" 0.00319598520279701 0.00120436254606731 0.0019890051488377
"CHE-319815" 0.00167729172707327 0.00120436254606731 0.00139546117614688
"CHE-270714" 0.00167729172707327 0.00120436254606731 0.00139546117614688
"CHE-119401" 0.000866768142775888 0.00228066087514477 0.00172533490011885
"CHE-119305" 0.000866768142775888 0.00228066087514477 0.00172533490011885
"CHE-289184" 0.00205891341868734 0.00120436254606731 0.00154235373460874
"CHE-339154" 0.000574872522345376 0.0031614516426435 0.00160887034872444
"CHE-123944" 0.00163909801127201 0.00146553903753375 0.00162997452046405
"CHE-123834" 0.00264960489736863 0.00146553903753375 0.00197276315257965
"CHE-352916" 0.000345494997869072 0.0022069682307574 0.00138784501993473
"CHE-319597" 0.000644939301635681 0.00133742008088809 0.00106879178396362
"CHE-270488" 0.00211136757818724 0.00133742008088809 0.00154843900559252
"CHE-326443" 0.00294577544183867 0.00228066087514477 0.00245735706688095
"CHE-353491" 0.0010119423098368 0.0022069682307574 0.00159560380724495
"CHE-339205" 5.43909344354035e-05 0.00292552005922434 0.0015955512432827
"CHE-353257" 0.00155089024053716 0.0022069682307574 0.00177420632650589
"CHE-270490" 0.00167729172707327 0.00120436254606731 0.00139546117614688
"CHE-349833" 0.000866768142775888 0.00228066087514477 0.00172533490011885
"CHE-93685" 0.000866768142775888 0.00228066087514477 0.00172533490011885
"CHE-326393" 0.00294577544183867 0.00228066087514477 0.00245735706688095
"CHE-97611" 0.00163909801127201 0.00146553903753375 0.00162997452046405
"CHE-94378" 0.000866768142775888 0.00228066087514477 0.00172533490011885
"CHE-332636" 0.00119480768035238 0.00220696823075741 0.00158799337945659
"CHE-78031" 0.00176987525291428 0.00133742008088809 0.0015276009608039
"CHE-331843" 0.00224428866367269 0.00133742008088809 0.00159953673112893
"CHE-331855" 0.00224428866367269 0.00133742008088809 0.00159953673112893
"CHE-121189" 0.00242312837181906 0.00120436254606731 0.00178273860986855
"CHE-122308" 0.00154718515422224 0.00177749911166988 0.00159949352294002
"CHE-327125" 0.00173718308017671 0.00220696823075741 0.00175962531520261
"CHE-77471" 0.000620906803646932 0.00177749911166988 0.00127233207770223
"CHE-121812" 0.0020544008248865 0.00120436254606731 0.00164524531389954
"CHE-327040" 0.00167729172707327 0.00120436254606731 0.00139546117614688
"CHE-270332" 0.00167729172707327 0.00120436254606731 0.00139546117614688
"CHE-326351" 0.00231360030536869 0.00120436254606731 0.00164645803415497
"CHE-120080" 0.000759213553920791 0.00260791612092931 0.00166740296918358
"CHE-319574" 0.00217023296461741 0.00133742008088809 0.00158060612365368
"CHE-34233" 0.00245473237199986 0.00228066087514477 0.00233837082433253
"CHE-251789" 0.0013962548477562 0.00177749911166988 0.00147314560351563
"CHE-340039" 0.00043222435308813 0.00260791612092931 0.00156903702829576
"CHE-340350" 0.000436497397790489 0.00260791612092931 0.00138159880393833
"CHE-326877" 0.00270946165153964 0.00120436254606731 0.00177185020270359
"CHE-93577" 0.0021615967812513 0.00146553903753375 0.00181096592690483
"CHE-181213" 0.00101425306274942 0.00177749911166988 0.0013964437416579
"CHE-325739" 0.00136144701402973 0.00146553903753375 0.00156415943594128
"CHE-319520" 0.00163691707489269 0.00220696823075741 0.0017225485681056
"CHE-326308" 0.00136144701402973 0.00146553903753375 0.00156415943594128
"CHE-285552" 0.000243798800460368 0.00220696823075741 0.0013578885621448
"CHE-325710" 0.00136144701402973 0.00146553903753375 0.00156415943594128
"CHE-248951" 0.00294577544183867 0.00228066087514477 0.00245735706688094
"CHE-327166" 0.0032263363472898 0.00133742008088809 0.00205581951826706
"CHE-283134" 0.00136144701402973 0.00146553903753375 0.00156415943594128
"CHE-76966" 0.00124570057605905 0.00177749911166988 0.00150387782814802
"CHE-270210" 0.00167729172707327 0.00120436254606731 0.00139546117614688
"CHE-117834" 0.000866768142775888 0.00228066087514477 0.00172533490011885
"CHE-284639" 0.00167729172707327 0.00120436254606731 0.00139546117614688
"CHE-96662" 0.00267962744174878 0.00120436254606731 0.00190017981068374
"CHE-270200" 0.00167729172707327 0.00120436254606731 0.00139546117614688
"CHE-340564" 0.000345494997869072 0.00220696823075741 0.00138784501993473
"CHE-319467" 0.00163691707489269 0.00220696823075741 0.0017225485681056
"CHE-350092" 0.000866768142775888 0.00228066087514477 0.00172533490011885
"CHE-118224" 0.000759213553920791 0.00260791612092931 0.00166740296918358
"CHE-380878" 0.00264960489736864 0.00146553903753375 0.00197276315257965
"CHE-332782" 0.00124570057605905 0.00177749911166988 0.00150387782814802
"CHE-328963" 0.00120700166700654 0.0031614516426435 0.00149951461477903
"CHE-96106" 0.0020544008248865 0.00120436254606731 0.00164524531389954
"CHE-355301" 0.000866768142775888 0.00228066087514477 0.00172533490011885
"CHE-340797" 0.000345494997869072 0.00220696823075741 0.00138784501993473
"CHE-117493" 0.000866768142775888 0.00228066087514477 0.00172533490011885
"CHE-284719" 0.00217023296461741 0.00133742008088809 0.00158060612365368
"CHE-96196" 0.000866768142775888 0.00228066087514477 0.00172533490011885
"CHE-270157" 0.00167729172707327 0.00120436254606731 0.00139546117614688
"CHE-325430" 0.00136144701402973 0.00146553903753375 0.00156415943594128
"CHE-284608" 0.00227920076557304 0.00133742008088809 0.00160667806182157
"CHE-270192" 0.00188110357327705 0.00220696823075741 0.00183269641424812
"CHE-76618" 0.0021615967812513 0.00146553903753375 0.00181096592690483
"CHE-93091" 0.00188898308574688 0.00120436254606731 0.00154782271463999
"CHE-341749" 0.000485411662997157 0.00177749911166988 0.00122984780483128
"CHE-283076" 0.00109475791939522 0.00260791612092931 0.00170564423654119
"CHE-76124" 0.00245473237199986 0.00228066087514478 0.00233837082433253
"CHE-350724" 0.00264960489736864 0.00146553903753375 0.00197276315257965
"CHE-356241" 0.00163909801127201 0.00146553903753375 0.00162997452046405
"CHE-283047" 0.00217023296461741 0.00133742008088809 0.00158060612365368
"CHE-92864" 0.00259226060617761 0.00146553903753375 0.00194589689747723
"CHE-329197" 0.00142487977754041 0.00133742008088809 0.00139520485184317
"CHE-36246" 0.00245473237199986 0.00228066087514478 0.00233837082433253
"CHE-341016" 0.000866768142775888 0.00228066087514478 0.00172533490011885
"CHE-324618" 0.00136144701402973 0.00146553903753375 0.00156415943594128
"CHE-333091" 0.00181198823765689 0.00177749911166988 0.00176975592411173
"CHE-46017" 0.00102691913205526 0.00228066087514478 0.00202576321099115
"CHE-282990" 0.00157976571582732 0.00220696823075741 0.00169234919200043
"CHE-115221" 0.0021615967812513 0.00146553903753375 0.00181096592690483
"CHE-95139" 0.0020544008248865 0.00120436254606731 0.00164524531389954
"CHE-313483" 0.00136144701402973 0.00146553903753375 0.00156415943594128
"CHE-115532" 0.000866768142775888 0.00228066087514478 0.00172533490011885
"CHE-270040" 0.00213810859424635 0.00146553903753375 0.00179766794041784
"CHE-114820" 0.00245473237199986 0.00228066087514478 0.00233837082433253
"CHE-282977" 0.00307059808189348 0.00133742008088809 0.002026363262332
"CHE-75861" 0.00110695218040709 0.00133742008088809 0.00125839315517614
"CHE-75936" 0.000866768142775888 0.00228066087514478 0.00172533490011885
"CHE-33320" 0.00110695218040709 0.00133742008088809 0.00125839315517614
"CHE-327947" 0.00245473237199986 0.00228066087514478 0.00233837082433253
"CHE-333564" 0.00163909801127201 0.00146553903753375 0.00162997452046405
"CHE-313507" 0.00189956378979148 0.00133742008088809 0.00148991389422682
"CHE-40244" 0.00245473237199986 0.00228066087514478 0.00233837082433253
"CHE-313619" 0.00294577544183866 0.00228066087514478 0.00245735706688094
"CHE-43391" 0.00102691913205526 0.00228066087514478 0.00202576321099115
"CHE-342974" 0.00163909801127201 0.00146553903753375 0.00162997452046405
"CHE-343162" 0.00163909801127201 0.00146553903753375 0.00162997452046405
"CHE-329554" 0.000841138326174415 0.00177749911166988 0.00135337315672866
"CHE-333771" 0.00163909801127201 0.00146553903753375 0.00162997452046405
"CHE-351432" 0.00163909801127201 0.00146553903753375 0.00162997452046405
"CHE-114549" 0.000838083741932476 0.0031614516426435 0.00156716991474702
"CHE-31129" 0.000644939301635682 0.00133742008088809 0.00106879178396362
"CHE-270020" 0.00109475791939522 0.00260791612092931 0.00170564423654119
"CHE-351560" 0.00163909801127201 0.00146553903753375 0.00162997452046405
"CHE-114041" 0.00120787737225639 0.00260791612092931 0.00172408648264895
"CHE-343288" 0.00264960489736864 0.00146553903753375 0.00197276315257965
"CHE-36625" 0.00173710463928118 0.00133742008088809 0.00140947551070394
"CHE-42600" 0.00136144701402973 0.00146553903753375 0.00156415943594128
"CHE-334122" 0.000866768142775888 0.00228066087514478 0.00172533490011885
"CHE-312574" 0.00136144701402973 0.00146553903753375 0.00156415943594128
"CHE-75381" 0.00110695218040709 0.00133742008088809 0.00125839315517614
"CHE-91839" 0.00224428866367269 0.00133742008088809 0.00159953673112892
"CHE-343444" 0.00163909801127201 0.00146553903753375 0.00162997452046405
"CHE-334298" 0.00163909801127201 0.00146553903753375 0.00162997452046405
"CHE-314622" 0.00205654605716099 0.00133742008088809 0.00159418888690592
"CHE-75280" 0.00110695218040709 0.00133742008088809 0.00125839315517614
"CHE-313873" 0.00276111274746943 0.00133742008088809 0.00191316606906176
"CHE-75034" 0.00136144701402973 0.00146553903753375 0.00156415943594128
"CHE-31067" 0.00205891341868734 0.00120436254606731 0.00154235373460874
"CHE-89917" 0.00245473237199986 0.00228066087514478 0.00233837082433253
"CHE-91430" 0.00172929652453134 0.00177749911166988 0.00156946665737449
"CHE-36514" 0.00194594951732282 0.00177749911166988 0.00168937479907739
"CHE-316215" 0.00298684154485916 0.00120436254606731 0.00192938674211796
"CHE-177723" 0.00125097064952905 0.00177749911166988 0.00148136351075648
"CHE-344505" 0.000866768142775888 0.00228066087514478 0.00172533490011885
"CHE-39768" 0.00205891341868734 0.00120436254606731 0.00154235373460874
"CHE-260070" 0.00136144701402973 0.00146553903753375 0.00156415943594128
"CHE-260048" 0.00136144701402973 0.00146553903753375 0.00156415943594128
"CHE-249993" 0.00231360030536869 0.00120436254606731 0.00164645803415497
"CHE-90246" 0.00221865819878359 0.00177749911166988 0.00177081911031932
"CHE-90285" 0.00118999856630261 0.00228066087514478 0.0021120776457063
"CHE-74732" 0.00110250985424717 0.00120436254606731 0.001257633638372
"CHE-260080" 0.00231668174633093 0.0013374200808881 0.0016996755595764
"CHE-259922" 0.00102691913205526 0.00228066087514478 0.00202576321099115
"CHE-251372" 0.00135500372041011 0.00220696823075741 0.00162689317063338
"CHE-316910" 0.00102691913205526 0.00228066087514478 0.00202576321099115
"CHE-335072" 0.00142118324593454 0.00120436254606731 0.00138084663554151
"CHE-345715" 0.00163909801127201 0.00146553903753375 0.00162997452046405
"CHE-41515" 0.00110250985424717 0.00120436254606732 0.001257633638372
"CHE-36189" 0.00205654605716099 0.0013374200808881 0.00159418888690592
"CHE-113013" 0.00129646117508808 0.00220696823075741 0.00167457151510562
"CHE-259831" 0.00136144701402973 0.00146553903753375 0.00156415943594128
"CHE-344932" 0.000485411662997158 0.00177749911166988 0.00122984780483128
"CHE-317014" 0.00245473237199986 0.00228066087514478 0.00233837082433253
"CHE-335629" 0.0020544008248865 0.00120436254606732 0.00164524531389954
"CHE-41388" 0.00173342921953788 0.0013374200808881 0.00147839669075764
"CHE-346978" 0.00139800981895706 0.0013374200808881 0.00139657687722767
"CHE-248430" 0.00135500372041011 0.00220696823075741 0.00162689317063338
"CHE-31961" 0.00205891341868734 0.00120436254606731 0.00154235373460874
"CHE-110379" 0.00259226060617761 0.00146553903753375 0.00194589689747723
"CHE-347379" 0.000644939301635682 0.0013374200808881 0.00106879178396362
"CHE-88964" 0.00245473237199986 0.00228066087514478 0.00233837082433253
"CHE-260104" 0.00282642245926215 0.00146553903753375 0.0019993772001524
"CHE-40943" 0.00179736242874889 0.00220696823075741 0.00182207948010511
"CHE-111804" 0.00110695218040709 0.0013374200808881 0.00125839315517614
"CHE-337195" 0.00142118324593454 0.00120436254606731 0.00138084663554151
"CHE-317680" 0.00346380910007739 0.00146553903753375 0.00226102890729349
"CHE-111578" 5.92906614326858e-05 0.00260791612092931 0.00146680337128181
"CHE-335803" 0.000866768142775888 0.00228066087514478 0.00172533490011885
"CHE-260105" 0.00282642245926215 0.00146553903753375 0.0019993772001524
"CHE-39199" 0.00270946165153965 0.00120436254606732 0.00177185020270359
"CHE-260142" 0.00282642245926215 0.00146553903753375 0.0019993772001524
"CHE-256606" 0.00102691913205526 0.00228066087514478 0.00202576321099115
"CHE-260622" 0.00343115988774324 0.00120436254606732 0.00210147352287689
"CHE-256883" 0.00294577544183866 0.00228066087514478 0.00245735706688095
"CHE-260760" 0.0028829713657525 0.00120436254606732 0.00189830932811231
"CHE-262333" 0.00282642245926215 0.00146553903753375 0.0019993772001524
"CHE-265291" 0.0028829713657525 0.00120436254606732 0.00189830932811231
"CHE-39135" 0.00136144701402973 0.00146553903753375 0.00156415943594128
"CHE-36113" 0.00118999856630261 0.00228066087514478 0.0021120776457063
"CHE-107073" 0.00149393646290051 0.00220696823075742 0.00172380259629631
"CHE-257065" 0.00346380910007739 0.00146553903753375 0.00226102890729349
"CHE-105460" 0.00204000391205888 0.00220696823075742 0.00195443008885022
"CHE-261243" 0.00346380910007739 0.00146553903753375 0.00226102890729349
"CHE-262876" 0.00245473237199986 0.00228066087514478 0.00233837082433253
"CHE-38015" 0.0035121643856842 0.00228066087514478 0.00265393442894493
"CHE-176669" 0.00233293161000625 0.00177749911166988 0.00183185198402477
"CHE-107177" 0.00286085720412871 0.0013374200808881 0.00187774387136213
"CHE-257317" 0.00294577544183866 0.00228066087514478 0.00245735706688095
"CHE-252293" 0.00285676256652813 0.00146553903753375 0.00200001411873811
"CHE-70892" 0.000866768142775888 0.00228066087514478 0.00172533490011885
"CHE-70500" 0.00250085030213025 0.00120436254606732 0.00175612851543625
"CHE-109202" 0.00327838730567818 0.00120436254606731 0.00202178379328232
"CHE-257748" 0.0021615967812513 0.00146553903753375 0.00181096592690483
"CHE-246777" 0.00344054009072156 0.00120436254606731 0.00211084798448345
"CHE-246756" 0.00285676256652813 0.00146553903753375 0.00200001411873811
"CHE-37938" 0.0035648505950724 0.00120436254606732 0.0021436395037668
"CHE-83620" 0.00245473237199986 0.00228066087514478 0.00233837082433253
"CHE-257768" 0.000866768142775888 0.00228066087514478 0.00172533490011885
"CHE-257936" 0.000866768142775888 0.00228066087514478 0.00172533490011885
"CHE-252720" 0.00346380910007739 0.00146553903753375 0.00226102890729349
"CHE-85339" 0.00214196715456063 0.0013374200808881 0.0016162766125901
"CHE-246416" 0.00304154069352395 0.00228066087514478 0.00250740686016547
"CHE-30760" 0.00271008583846566 0.00120436254606732 0.00176007810401238
"CHE-253385" 0.00346380910007739 0.00146553903753375 0.00226102890729349
"CHE-245575" 0.00285676256652813 0.00146553903753375 0.00200001411873811
"CHE-70459" 0.00235683894672787 0.00120436254606732 0.00165468635406585
"CHE-245352" 0.00285676256652813 0.00146553903753375 0.00200001411873811
"CHE-245324" 0.00285676256652813 0.00146553903753375 0.00200001411873811
"CHE-34568" 0.00136144701402973 0.00146553903753375 0.00156415943594128
"CHE-245356" 0.00304154069352395 0.00228066087514478 0.00250740686016547
"CHE-254220" 0.000866768142775888 0.00228066087514478 0.00172533490011885
"CHE-83599" 0.00342001038000636 0.00120436254606732 0.00209615771724265
"CHE-196145" 0.00235683894672787 0.00120436254606732 0.00165468635406585
"CHE-174854" 0.00244314953839813 0.0013374200808881 0.0017394722433219
"CHE-82180" 0.00342001038000636 0.00120436254606732 0.00209615771724265
"CHE-196073" 0.00304154069352395 0.00228066087514478 0.00250740686016547
"CHE-195658" 0.00102691913205527 0.00228066087514478 0.00202576321099115
"CHE-70446" 0.00243020109335335 0.00177749911166988 0.00188480688272854
"CHE-29795" 0.00412573727009174 0.00146553903753375 0.0025060437601964
"CHE-195711" 0.00304154069352395 0.00228066087514478 0.00250740686016547
"CHE-174731" 0.00285676256652813 0.00146553903753375 0.00200001411873811
"CHE-174725" 0.00235683894672787 0.00120436254606732 0.00165468635406585
"CHE-195372" 0.00285676256652813 0.00146553903753375 0.00200001411873811
"CHE-196383" 0.00235683894672787 0.00120436254606732 0.00165468635406585
"CHE-37307" 0.00412573727009174 0.00146553903753375 0.0025060437601964
"CHE-28658" 0.00258368432253483 0.0013374200808881 0.00178857846421715
"CHE-206240" 0.0021615967812513 0.00146553903753375 0.00181096592690483
"CHE-206613" 0.000866768142775888 0.00228066087514478 0.00172533490011885
"CHE-68796" 0.00327394352330113 0.00146553903753375 0.00213826834830783
"CHE-197164" 0.00136144701402973 0.00146553903753375 0.00156415943594128
"CHE-67254" 0.00102691913205527 0.00228066087514478 0.00202576321099115
"CHE-173299" 0.00285676256652813 0.00146553903753375 0.00200001411873811
"CHE-28208" 0.00304154069352395 0.00228066087514478 0.00250740686016547
"CHE-67249" 0.00321638114744316 0.00120436254606732 0.00210028357153595
"CHE-190846" 0.00235683894672787 0.00120436254606732 0.00165468635406585
"CHE-172350" 0.00285676256652813 0.00146553903753375 0.00200001411873811
"CHE-202807" 0.000475156088441364 0.00220696823075742 0.0014341077744051
"CHE-172140" 0.00285676256652813 0.00146553903753375 0.00200001411873811
"CHE-207367" 0.00136144701402973 0.00146553903753375 0.00156415943594128
"CHE-191888" 0.00260597989449494 0.0013374200808881 0.00179822171028069
"CHE-172071" 0.00285676256652813 0.00146553903753375 0.00200001411873811
"CHE-228130" 0.00361688234919687 0.00146553903753375 0.0023065824035808
"CHE-192295" 0.00102691913205527 0.00228066087514478 0.00202576321099115
"CHE-209169" 0.00253282812341761 0.00146553903753375 0.0019090675211279
"CHE-237370" 0.00214196715456063 0.0013374200808881 0.0016162766125901
"CHE-228018" 0.000475156088441364 0.00220696823075742 0.0014341077744051
"CHE-165680" 0.00304154069352395 0.00228066087514478 0.00250740686016547
"CHE-192503" 0.00205481071412441 0.00177749911166988 0.00174089663044783
"CHE-12907" 0.00275548246289831 0.00120436254606732 0.00177905189628952
"CHE-230265" 0.00136144701402973 0.00146553903753375 0.00156415943594128
"CHE-12328" 0.00240113121948308 0.0013374200808881 0.00169897167687827
"CHE-227729" 0.00235683894672787 0.00120436254606732 0.00165468635406584
"CHE-230327" 0.00110695218040709 0.0013374200808881 0.00125839315517614
"CHE-154761" 0.00213810859424636 0.00146553903753375 0.00179766794041784
"CHE-236505" 0.00282642245926215 0.00146553903753375 0.0019993772001524
"CHE-213245" 0.00323501092017001 0.00146553903753375 0.00214187973590801
"CHE-238550" 0.00265968084872712 0.00120436254606732 0.00176388888996802
"CHE-17773" 0.00200504537974141 0.00220696823075742 0.0018420958687865
"CHE-15656" 0.0041747613850585 0.00146553903753375 0.00252413432164042
"CHE-18255" 0.00284167338331296 0.0013374200808881 0.00187530001349645
"CHE-11769" 0.00228439450921109 0.00177749911166988 0.00180849479988363
"CHE-17565" 0.00284167338331296 0.0013374200808881 0.00187530001349645
"CHE-127580" 0.00358183899101577 0.00228066087514478 0.00266515485373104
"CHE-127637" 0.00102691913205527 0.00228066087514478 0.00202576321099115
"CHE-242353" 0.00142540150030425 0.00133742008088809 0.00138123512644309
"CHE-20250" 0.00161006360821897 0.00260791612092932 0.00191079366742082
"CHE-18361" 0.00240113121948308 0.00133742008088809 0.00169897167687827
"CHE-20419" 0.00271008583846566 0.00120436254606732 0.00176007810401238
"CHE-230765" 0.00136144701402973 0.00146553903753375 0.00156415943594128
"CHE-11232" 0.00286085720412871 0.00133742008088809 0.00187774387136213
"CHE-234435" 0.00217011030016905 0.00120436254606732 0.0016526817720265
"CHE-156412" 0.00136144701402973 0.00146553903753375 0.00156415943594128
"CHE-20451" 0.00231360030536869 0.00120436254606732 0.00164645803415497
"CHE-234572" 0.00110250985424717 0.00120436254606732 0.00125763363837199
"CHE-13889" 0.00330805136337714 0.00146553903753375 0.00214757098168092
"CHE-9977" 0.00304154069352395 0.00228066087514478 0.00250740686016547
"CHE-9905" 0.0034543036911933 0.00120436254606732 0.00210574689824593
"CHE-194655" 0.00205654605716099 0.00133742008088809 0.00159418888690592
"CHE-231749" 0.0021615967812513 0.00146553903753375 0.00181096592690483
"CHE-10249" 0.00386276155384319 0.00146553903753375 0.00240079573672936
"CHE-156578" 0.00136144701402974 0.00146553903753375 0.00156415943594128
"CHE-18653" 0.00271008583846566 0.00120436254606732 0.00176007810401238
"CHE-216052" 0.000475156088441363 0.00220696823075742 0.0014341077744051
"CHE-234792" 0.00408091770512444 0.00146553903753375 0.00249239880313894
"CHE-128674" 0.00270946165153964 0.00120436254606732 0.00177185020270359
"CHE-8727" 0.00330805136337714 0.00146553903753375 0.00214757098168092
"CHE-8780" 0.0034543036911933 0.00120436254606732 0.00210574689824593
"CHE-129014" 0.00242041874369854 0.0013374200808881 0.00170934012933179
"CHE-20946" 0.00205891341868734 0.00120436254606732 0.00154235373460874
"CHE-169549" 0.00245473237199986 0.00228066087514478 0.00233837082433252
"CHE-157529" 0.00136144701402974 0.00146553903753375 0.00156415943594128
"CHE-6224" 0.0034543036911933 0.00120436254606732 0.00210574689824593
"CHE-21186" 0.00269284303584233 0.0013374200808881 0.00182891943261088
"CHE-159994" 0.00205891341868734 0.00120436254606732 0.00154235373460874
"CHE-157930" 0.00253282812341761 0.00146553903753375 0.0019090675211279
"CHE-160732" 0.00102691913205527 0.00228066087514478 0.00202576321099115
"CHE-19491" 0.00228439450921109 0.00177749911166988 0.00180849479988363
"CHE-217632" 0.00185301845048321 0.00120436254606732 0.00153605488317014
"CHE-19533" 0.00271008583846566 0.00120436254606732 0.00176007810401238
"CHE-21783" 0.000841138326174415 0.00177749911166988 0.00135337315672866
"CHE-19864" 0.00205891341868734 0.00120436254606732 0.00154235373460874
"CHE-161225" 0.00205891341868734 0.00120436254606732 0.00154235373460874
"CHE-130326" 0.00142540150030425 0.0013374200808881 0.00138123512644309
"CHE-220163" 0.000841138326174415 0.00177749911166988 0.00135337315672866
"CHE-4674" 0.00369698165684156 0.00120436254606732 0.00219855770190331
"CHE-23969" 0.00201142000606806 0.00177749911166988 0.00173021745020635
"CHE-132620" 0.00110250985424717 0.00120436254606732 0.00125763363837199
"CHE-218137" 0.0021615967812513 0.00146553903753375 0.00181096592690482
"CHE-22014" 0.00205654605716099 0.0013374200808881 0.00159418888690592
"CHE-22111" 0.00119686850878968 0.00177749911166988 0.00145460733164067
"CHE-22120" 0.00110695218040709 0.00133742008088809 0.00125839315517613
"CHE-22231" 0.00259226060617761 0.00146553903753375 0.00194589689747722
"CHE-22962" 0.00119686850878968 0.00177749911166988 0.00145460733164067
"CHE-23553" 0.00188898308574687 0.00120436254606732 0.00154782271463998
"CHE-142628" 0.00142540150030425 0.00133742008088809 0.00138123512644308
"CHE-22425" 0.00188898308574687 0.00120436254606732 0.00154782271463998
"CHE-23713" 0.00188898308574687 0.00120436254606732 0.00154782271463998
"CHE-133307" 0.00214196715456062 0.00133742008088809 0.0016162766125901
"CHE-23217" 0.000841138326174415 0.00177749911166988 0.00135337315672866
"CHE-143170" 0.000866768142775888 0.00228066087514478 0.00172533490011884
"CHE-219758" 0.00245473237199986 0.00228066087514478 0.00233837082433252
"CHE-26060" 0.00245473237199986 0.00228066087514478 0.00233837082433252
"CHE-223415" 0.00205654605716099 0.00133742008088809 0.00159418888690592
"CHE-134507" 0.00205891341868734 0.00120436254606732 0.00154235373460874
"CHE-145601" 0.00110250985424717 0.00120436254606732 0.00125763363837199
"CHE-149934" 0.00188898308574687 0.00120436254606732 0.00154782271463998
"CHE-151058" 0.00142526730812688 0.00146553903753375 0.00158709749054338
"CHE-147188" 0.00110695218040709 0.00133742008088809 0.00125839315517613
"CHE-135451" 0.00245473237199986 0.00228066087514478 0.00233837082433252
"CHE-225948" 0.00294577544183866 0.00228066087514478 0.00245735706688094
"CHE-152538" 0.00214243986945898 0.00120436254606732 0.00164207710042104
