"Abramis.ballerus" "Abramis.bjoerkna" "Abramis.brama" "Alburnoides.bipunctatus" "Alburnus.alburnus" "Aspius.aspius" "Barbatula.barbatula" "Barbus.barbus" "Carassius.carassius" "Carassius.gibelio" "Chondrostoma.nasus" "Cobitis.taenia" "Cottus.gobio" "Cyprinus.carpio" "Esox.lucius" "Eudontomyzon.mariae" "Gobio.gobio" "Gymnocephalus.cernuus" "Lampetra.fluviatilis" "Lampetra.planeri" "Leucaspius.delineatus" "Leuciscus.cephalus" "Leuciscus.idus" "Leuciscus.leuciscus" "Lota.lota" "Misgurnus.fossilis" "Perca.fluviatilis" "Phoxinus.phoxinus" "Pungitius.pungitius" "Rhodeus.amarus" "Romanogobio.vladykovi" "Rutilus.rutilus" "Salmo.trutta.fario" "Salmo.trutta.trutta" "Sander.lucioperca" "Scardinius.erythrophthalmus" "Silurus.glanis" "Thymallus.thymallus" "Tinca.tinca"
"PL02S0101_0326" 0 18 0 0 0 1 0 0 2 0 0 0 0 0 3 0 64 19 0 0 0 39 0 0 0 0 27 0 0 0 0 196 0 0 0 9 0 0 0
"PL02S0101_0419" 0 4 0 0 1 0 6 0 0 0 0 0 0 0 0 0 8 0 0 0 0 0 0 1 0 0 48 0 0 0 0 17 10 0 0 0 0 0 1
"PL02S0101_0420" 0 0 0 0 0 0 0 0 0 0 0 0 0 0 0 0 0 0 0 0 3 0 0 0 0 0 0 0 0 0 0 0 2 0 0 0 0 0 0
"PL02S0101_0450" 0 0 0 0 0 0 0 0 0 1 0 7 0 0 2 0 32 1 0 0 0 0 0 0 0 0 12 0 1 0 0 0 0 0 0 0 0 0 12
"PL02S0101_0490" 0 0 0 0 0 0 0 0 1 0 0 0 0 0 0 0 28 0 0 0 0 18 0 0 0 0 2 0 0 0 0 1 3 0 0 0 0 0 0
"PL02S0101_0491" 0 0 0 0 0 0 0 0 0 0 0 0 0 0 0 0 14 2 0 0 0 18 0 3 2 0 4 0 0 0 0 63 0 3 0 1 0 0 0
"PL02S0101_0493" 0 0 0 0 0 0 0 0 0 0 0 1 0 0 0 0 56 0 0 0 0 21 0 0 0 0 16 0 0 0 0 22 0 2 0 0 0 0 0
"PL02S0101_0494" 0 0 0 0 0 0 0 0 0 0 0 0 0 0 1 0 4 0 0 0 0 4 0 2 1 0 2 0 0 0 0 11 1 0 0 0 0 0 0
"PL02S0101_0495" 0 0 0 0 0 0 0 0 0 0 0 0 0 0 0 0 5 0 0 0 0 0 0 0 0 0 2 0 0 0 0 0 0 0 0 0 0 0 0
"PL02S0101_0566" 0 0 0 0 0 0 0 0 0 0 0 0 0 0 1 0 32 0 0 0 0 27 0 0 1 0 0 0 0 0 0 4 1 0 0 0 0 0 0
"PL02S0101_0567" 0 0 0 0 0 0 0 0 0 0 0 0 0 0 0 0 10 0 0 0 0 44 0 2 0 0 4 0 0 0 0 30 1 0 0 0 0 0 0
"PL02S0101_0571" 0 0 0 0 0 0 0 0 0 0 0 0 0 0 0 0 5 0 0 0 0 3 0 2 0 0 2 0 0 0 0 0 0 0 0 0 0 0 0
"PL02S0101_0573" 0 0 0 0 0 0 0 0 0 0 0 0 8 0 0 0 0 0 0 0 0 0 0 0 0 0 0 0 0 0 0 0 3 0 0 0 0 0 0
"PL02S0101_0574" 0 0 0 3 0 0 0 4 0 0 0 0 11 0 0 0 9 0 0 2 0 6 0 5 9 0 14 6 0 0 0 3 8 0 0 0 0 0 0
"PL02S0101_0576" 0 0 0 0 0 0 0 0 0 0 0 0 1 0 0 0 1 0 0 2 0 0 0 0 3 0 0 1 0 0 0 0 140 0 0 0 0 0 0
"PL02S0101_1519" 0 0 0 0 0 0 0 0 0 0 0 0 0 0 3 0 45 0 0 0 0 13 0 9 1 0 4 0 0 0 0 1 0 0 0 0 0 0 0
"PL02S0101_1521" 0 0 0 0 0 0 0 0 0 0 0 0 0 0 1 0 7 0 0 0 0 2 0 0 0 0 5 0 0 0 0 18 0 0 0 0 0 0 0
"PL02S0101_1554" 0 0 0 0 0 0 0 0 0 0 0 0 1 0 0 0 3 0 0 0 0 4 0 0 1 0 1 0 0 0 0 0 2 0 0 0 0 0 0
"PL02S0101_3054" 0 0 0 0 0 0 0 0 0 0 0 1 0 0 0 0 151 0 0 0 0 69 0 0 2 0 4 0 0 0 0 19 0 0 0 2 0 0 0
"PL02S0101_3154" 0 13 0 0 0 0 0 0 0 0 0 0 0 0 0 0 9 0 0 0 0 14 0 0 0 0 3 0 0 0 0 42 5 0 0 0 0 0 0
"PL02S0101_3156" 0 13 0 0 0 0 0 0 0 0 0 0 0 0 0 0 9 0 0 0 0 14 0 0 0 0 0 0 0 0 0 42 0 0 0 0 0 0 0
"PL02S0101_3317" 0 0 0 0 0 0 0 0 0 0 0 0 1 0 0 0 10 1 0 0 0 10 0 0 0 0 0 0 0 0 0 8 1 2 0 0 0 0 1
"PL02S0101_3382" 0 0 0 0 0 0 0 0 0 0 0 2 0 0 0 0 18 0 0 0 0 0 0 0 0 0 1 0 0 0 0 8 0 0 0 0 0 0 0
"PL02S0201_0585" 0 0 0 0 0 0 0 0 0 0 0 0 6 0 1 0 0 0 0 17 0 0 0 0 0 0 2 0 0 0 0 0 44 0 0 0 0 0 0
"PL02S0201_3338" 0 0 0 0 0 0 15 0 0 0 0 0 0 0 0 0 0 0 0 1 0 0 0 0 0 0 0 15 1 0 0 0 5 0 0 0 0 0 0
"PL02S0401_0602" 0 19 14 0 112 2 7 0 0 0 0 39 0 0 2 0 145 19 0 0 12 96 6 26 0 0 9 0 0 143 0 63 0 0 1 2 1 0 0
"PL02S0401_0616" 0 3 4 0 49 0 4 0 0 1 0 42 0 0 4 0 12 2 0 0 11 9 6 0 2 0 18 0 0 134 0 27 0 0 0 6 0 0 2
"PL02S0401_0638" 0 29 21 0 167 3 5 0 0 0 0 45 0 0 3 0 173 27 0 0 9 55 2 19 0 0 12 0 0 181 11 74 0 0 1 4 0 0 0
"PL02S0401_0661" 0 24 0 0 314 8 4 6 0 0 0 10 0 0 6 0 50 0 0 0 0 18 0 0 22 0 16 0 0 286 0 20 0 0 0 0 12 0 0
"PL02S0401_0662" 0 9 11 0 4 0 2 0 0 0 0 7 0 0 4 0 93 2 0 0 17 29 12 0 0 0 15 0 2 49 8 71 0 0 0 12 0 0 5
"PL02S0401_0664" 0 0 0 0 0 0 0 0 0 0 0 40 0 0 16 0 14 0 0 1 0 12 2 1 0 0 3 0 0 2 0 14 0 0 0 0 0 0 2
"PL02S0401_0665" 0 0 22 0 18 0 0 1 0 0 0 39 0 0 1 0 20 0 0 0 0 0 0 3 0 0 0 0 0 38 0 15 0 0 0 0 0 0 2
"PL02S0401_0666" 0 0 0 0 13 0 0 0 0 0 0 11 0 0 0 0 0 1 0 0 0 0 0 0 0 0 46 0 0 0 0 121 0 0 0 2 0 0 3
"PL02S0401_0669" 0 1 2 0 132 3 1 0 0 0 0 1 0 0 2 0 15 0 0 0 0 6 1 3 6 0 4 0 0 12 0 39 0 0 0 0 0 0 0
"PL02S0401_0677" 0 0 3 0 22 28 0 0 0 0 0 8 0 0 3 0 22 0 0 0 0 2 1 3 8 0 7 0 0 7 0 11 0 0 0 1 0 0 0
"PL02S0401_0678" 0 0 0 0 21 1 0 0 0 0 0 0 0 0 6 0 0 0 0 0 0 0 1 0 0 0 1 0 0 0 0 7 0 0 0 3 0 0 2
"PL02S0401_0682" 0 10 4 0 136 6 0 0 0 0 0 7 0 0 4 0 12 0 0 0 0 6 6 2 6 0 4 0 0 5 0 45 0 0 0 0 1 0 0
"PL02S0401_0692" 0 0 0 0 0 0 0 0 0 0 0 0 0 0 0 0 30 0 0 0 0 0 0 0 0 0 0 0 1 0 0 108 0 0 0 10 0 0 0
"PL02S0401_0693" 0 4 4 0 49 0 1 0 1 0 0 12 0 0 1 0 32 0 0 0 0 6 0 1 15 0 4 0 0 6 0 49 0 0 0 1 1 0 0
"PL02S0401_1626" 0 0 0 0 0 0 1 0 0 0 0 0 0 0 1 0 30 0 0 0 0 0 0 0 0 0 0 0 0 0 0 0 0 0 0 0 0 0 0
"PL02S0401_3208" 0 0 0 0 0 0 0 0 0 0 0 0 0 0 0 0 5 0 0 0 0 3 1 0 4 0 6 0 0 2 0 8 0 0 0 0 0 0 0
"PL02S0401_3310" 0 0 0 0 0 0 0 0 0 0 0 0 0 0 0 0 0 0 0 8 0 0 0 0 0 0 1 0 0 0 0 0 8 0 0 0 0 0 0
"PL02S0401_3312" 0 0 1 0 0 0 2 0 0 0 0 1 0 0 0 0 639 0 0 0 0 0 0 0 0 0 7 0 0 0 0 150 1 0 0 0 0 0 4
"PL02S0401_3313" 0 0 0 0 0 0 0 0 0 0 0 2 0 0 1 0 2 0 0 0 0 1 0 1 1 0 2 0 0 4 0 17 0 0 0 0 0 0 0
"PL02S0501_0576" 0 44 0 0 2 0 0 0 6 46 0 6 0 0 0 0 0 0 0 0 0 0 0 2 0 15 2 0 0 0 0 8 0 0 0 0 0 0 6
"PL02S0501_0585" 0 0 0 0 0 0 2 0 0 0 0 0 0 0 0 0 0 0 0 0 0 0 0 0 0 0 0 0 30 0 0 0 0 0 0 0 0 0 0
"PL02S0501_0587" 0 0 0 0 0 0 5 2 0 4 0 5 0 0 0 0 74 0 0 1 0 66 0 141 0 0 32 0 0 4 0 19 5 0 0 0 0 0 0
"PL02S0501_0612" 0 0 3 0 65 0 0 0 0 6 0 3 0 0 6 0 28 0 0 0 0 14 15 15 0 0 0 0 0 9 0 15 0 0 0 0 3 0 0
"PL02S0501_0613" 0 16 0 0 34 1 0 0 0 0 0 1 0 0 1 0 96 0 0 0 0 30 3 5 0 0 3 0 0 59 0 72 0 0 0 1 0 0 0
"PL02S0501_0630" 0 0 0 0 26 0 0 0 0 0 0 0 0 0 4 0 0 0 0 0 0 2 0 0 0 0 8 0 0 4 0 6 0 0 0 0 0 0 4
"PL02S0501_0694" 0 0 0 0 0 0 0 0 0 0 0 22 0 0 3 0 30 2 0 0 0 0 0 0 0 0 12 0 0 0 0 58 0 0 0 0 0 0 2
"PL02S0501_0711" 0 0 0 0 0 0 15 0 0 3 0 0 0 0 0 0 132 0 0 0 0 6 0 0 0 0 0 0 0 0 0 36 0 0 0 0 0 0 0
"PL02S0501_0853" 0 2 3 0 14 0 0 0 0 0 0 4 3 0 2 0 0 0 0 0 1 4 1 0 0 0 16 0 0 8 0 64 0 0 0 0 0 0 0
"PL02S0501_0867" 0 0 0 0 0 0 5 0 0 0 0 0 0 0 0 0 1 0 0 0 0 0 0 5 0 0 7 0 0 0 0 0 0 0 0 0 0 0 0
"PL02S0501_0873" 0 0 4 0 0 0 0 0 0 38 0 0 0 0 0 0 12 2 0 0 21 0 0 0 0 0 2 0 0 1 0 41 0 0 1 13 0 0 1
"PL02S0501_0889" 0 0 0 0 0 0 0 0 0 0 0 0 0 0 11 0 0 0 0 0 0 0 0 0 0 0 6 0 0 0 0 3 0 0 0 0 0 0 0
"PL02S0501_0899" 1 7 2 0 123 0 0 0 0 2 0 0 3 0 0 0 0 0 0 0 0 2 1 0 0 0 12 0 0 146 0 32 0 0 0 5 1 0 1
"PL02S0501_0900" 0 7 2 0 384 0 0 0 0 0 0 8 0 0 3 0 20 0 0 0 0 3 13 0 0 0 0 0 0 560 0 46 0 0 0 0 2 0 1
"PL02S0501_0901" 0 6 1 0 166 6 0 0 0 0 0 26 0 0 6 0 21 0 0 0 0 7 1 0 0 0 3 0 0 105 0 50 0 0 0 0 1 0 0
"PL02S0501_0904" 0 22 5 0 64 0 0 1 0 0 0 0 93 0 0 0 0 0 0 0 0 8 2 3 0 0 5 0 0 163 0 101 0 0 0 0 0 0 0
"PL02S0501_1665" 0 0 2 0 8 0 0 0 0 4 0 2 0 0 4 0 16 0 0 0 0 6 0 0 0 0 5 0 0 6 0 6 0 0 0 0 0 0 0
"PL02S0501_1737" 0 0 0 0 0 0 16 0 0 0 0 0 7 0 0 0 45 0 0 0 0 5 0 4 0 0 2 9 0 0 0 2 7 0 0 0 0 0 2
"PL02S0501_3262" 0 8 0 0 0 0 0 0 0 0 0 0 0 0 0 0 0 0 0 0 0 0 0 0 0 0 22 0 0 0 0 223 0 0 0 4 0 0 0
"PL02S0501_3264" 0 0 0 0 0 0 0 0 0 0 0 0 0 0 0 0 30 0 0 0 12 1 0 0 0 0 0 0 0 0 0 67 0 0 0 0 0 0 0
"PL02S0501_3281" 0 8 1 0 98 2 0 0 0 0 0 0 0 0 2 0 40 0 0 0 0 10 0 1 0 0 4 0 0 81 0 22 0 0 0 0 0 0 3
"PL02S0501_3282" 0 7 8 0 65 3 0 3 0 1 0 0 0 0 7 0 81 0 0 0 0 13 1 3 0 0 5 0 0 15 0 38 0 0 0 0 1 0 0
"PL02S0501_3283" 0 18 9 0 111 0 0 0 0 7 0 4 0 0 3 0 10 0 0 0 0 26 6 0 2 0 34 0 0 42 0 107 0 0 0 6 3 0 0
"PL02S0501_3284" 0 2 3 0 187 0 0 0 0 0 0 0 0 0 3 0 21 0 0 0 0 9 1 0 0 0 24 0 0 26 0 69 0 0 0 1 2 0 0
"PL02S0501_3397" 0 10 0 0 105 4 0 0 0 0 0 5 0 0 3 0 94 0 0 0 3 21 2 13 1 0 47 0 0 14 0 70 0 0 0 2 4 0 1
"PL02S0501_3411" 10 1 0 0 304 0 0 0 0 3 0 3 0 0 3 0 17 0 0 0 0 2 0 0 0 0 5 0 0 426 0 28 0 0 0 1 0 0 3
"PL02S0501_3425" 0 0 0 0 0 0 0 0 0 0 0 0 0 0 0 0 2 0 0 0 0 0 0 0 0 0 1 0 0 0 0 0 0 0 0 0 0 0 0
"PL02S0501_3488" 0 2 3 0 0 0 0 0 0 0 0 0 0 0 5 0 0 0 0 0 4 0 0 0 0 0 10 0 0 1 0 42 0 0 0 3 0 0 3
"PL02S0501_3839" 0 27 18 0 32 0 0 0 0 0 0 7 0 0 6 0 42 0 0 0 0 28 3 13 0 0 14 0 0 46 0 80 0 0 0 0 0 0 3
"PL02S0601_0923" 0 0 0 0 0 0 0 0 0 4 0 19 0 0 4 0 1 0 0 0 1 0 0 0 0 2 20 0 0 1 0 1 0 0 0 0 0 0 8
"PL02S0601_0931" 0 2 1 0 9 0 0 0 0 29 0 0 0 0 0 0 3 2 0 0 0 0 0 0 1 1 405 0 0 0 0 628 0 0 0 33 0 0 0
"PL02S0601_0935" 0 4 0 0 0 0 0 0 0 0 0 0 0 0 0 0 0 0 0 0 0 4 15 0 0 0 16 0 0 0 0 43 0 0 0 1 0 0 0
"PL02S0601_3238" 0 2 0 0 0 0 0 0 0 5 0 0 0 0 8 0 0 0 0 0 0 0 0 0 0 0 11 0 0 0 0 26 0 0 0 2 0 0 4
"PL02S0601_3239" 0 0 0 0 0 0 0 0 0 0 0 0 0 0 0 0 0 0 0 0 15 0 0 0 0 0 0 0 12 0 0 32 0 0 0 0 0 0 0
"PL02S0601_3460" 0 0 1 0 4 0 0 0 0 0 0 0 0 0 20 0 0 0 0 0 0 0 0 0 0 0 13 0 0 0 0 33 0 0 0 8 0 0 22
"PL02S0601_3461" 0 219 0 0 304 0 0 0 0 0 0 0 0 0 1 0 0 0 0 0 0 0 0 0 0 0 16 0 0 0 0 66 0 0 0 23 0 0 0
"PL02S0901_0945" 0 1 0 46 500 0 1 5 0 0 0 0 0 0 3 1 24 1 0 0 0 104 0 0 0 0 18 0 0 40 0 14 0 0 0 0 6 0 0
"PL02S0901_0948" 0 0 18 0 1 0 0 20 0 3 0 2 0 0 0 0 2 1 0 0 0 16 4 0 0 0 3 0 0 0 0 26 0 0 68 0 1 0 0
"PL02S0901_0957" 0 0 0 39 6 0 91 0 0 0 0 0 0 0 0 0 109 0 0 0 0 27 0 9 0 0 0 0 0 0 0 79 0 0 0 0 0 0 0
"PL02S0901_0989" 0 0 0 0 0 0 0 0 0 0 0 0 0 0 2 0 1 0 0 0 0 0 0 0 0 0 0 0 0 0 0 4 0 0 0 0 0 0 0
"PL02S0901_0994" 0 0 0 0 0 0 0 0 0 0 0 5 0 0 17 0 33 0 0 0 2 16 2 23 2 0 13 0 0 0 0 117 0 0 1 0 0 0 0
"PL02S0901_3212" 0 18 0 4 70 0 2 2 0 0 0 0 0 0 10 2 53 0 0 0 0 23 2 3 2 0 63 0 0 5 0 133 0 0 0 2 0 0 0
"PL02S0901_3213" 0 0 0 2 13 0 1 1 0 0 0 0 0 0 27 15 230 0 0 0 0 14 0 0 2 0 1 0 0 195 0 29 0 0 0 0 0 0 1
"PL02S0901_3214" 0 2 3 110 800 0 1 3 0 1 0 12 0 0 8 6 48 1 0 0 0 18 5 5 0 1 30 0 0 9 0 24 0 0 0 0 5 0 0
"PL02S1201_0201" 0 1 0 0 0 0 0 0 0 46 0 0 0 1 0 0 0 9 0 0 2 0 0 0 0 0 8 0 0 0 0 1 0 0 0 0 0 0 0
"PL02S1201_0204" 0 0 0 0 0 0 0 0 0 7 0 0 0 0 0 0 0 0 0 0 0 0 0 0 0 0 0 0 0 0 0 0 0 0 0 0 0 0 0
"PL02S1201_0206" 0 0 0 0 0 0 0 0 0 218 0 0 0 0 1 0 0 0 0 0 0 0 0 0 0 0 7 0 0 0 0 11 0 0 0 1 0 0 0
"PL02S1201_1054" 0 0 0 0 4 0 0 0 0 0 0 0 0 1 1 0 15 0 0 0 0 50 0 0 0 0 9 0 0 23 0 2 0 0 0 0 0 0 0
"PL02S1201_1055" 0 352 7 0 661 0 0 0 0 2 0 0 0 0 0 0 5 2 0 0 0 25 6 0 0 0 16 0 0 9 0 70 0 0 10 11 0 0 0
"PL02S1201_1056" 0 64 10 0 127 0 0 0 0 0 0 0 0 0 0 0 13 0 0 0 0 7 0 0 0 0 7 0 0 11 3 12 0 0 7 3 0 0 0
"PL02S1201_1072" 0 0 0 0 0 0 0 0 0 0 0 0 0 0 1 0 2 0 0 0 0 46 0 0 0 0 5 0 0 0 0 0 0 0 0 0 0 0 0
"PL02S1201_1087" 0 0 0 0 114 0 0 0 0 0 0 0 0 0 5 0 18 0 0 0 0 26 0 0 0 0 3 0 0 47 0 87 0 0 0 0 0 0 0
"PL02S1201_1101" 0 0 0 0 0 0 11 0 0 0 0 0 0 0 2 0 30 0 0 1 0 0 0 0 0 0 2 0 2 0 0 0 0 0 0 0 0 0 0
"PL02S1201_3114" 0 0 0 0 0 0 0 0 0 0 0 0 0 0 0 0 0 0 0 0 0 0 0 0 0 0 2 0 0 0 0 6 0 0 0 0 0 0 1
"PL02S1301_1124" 0 0 1 0 18 3 0 6 0 4 13 0 0 0 0 0 10 0 0 0 0 35 0 0 0 0 3 0 0 7 0 0 0 0 0 0 1 0 1
"PL02S1301_1127" 0 0 0 0 0 0 22 0 0 0 0 0 0 0 0 0 12 0 0 0 0 10 0 0 0 0 0 23 0 0 0 0 72 0 0 0 0 0 0
"PL02S1301_1135" 0 0 0 0 0 0 0 0 0 0 0 0 0 0 0 0 5 0 0 0 0 0 0 0 0 0 0 0 0 0 0 0 0 0 0 0 0 0 0
"PL02S1301_1137" 0 0 0 0 1 0 0 0 0 130 0 0 0 0 1 0 18 0 0 0 0 46 0 0 0 0 2 0 0 11 0 2 0 0 0 0 0 0 1
"PL02S1301_1140" 0 0 0 0 0 0 0 0 0 2 0 3 0 0 0 0 4 0 0 0 0 5 0 0 0 0 11 0 0 9 0 97 0 0 0 8 0 0 25
"PL02S1301_1196" 0 0 3 0 0 0 1 0 0 7 0 0 0 0 4 0 6 0 0 1 0 3 0 38 0 3 1 0 0 0 0 0 0 0 0 0 0 0 2
"PL02S1301_1198" 0 0 0 0 0 0 3 3 0 0 0 0 0 0 0 2 37 0 0 0 0 68 2 13 0 0 1 0 0 0 0 84 0 0 0 0 0 0 1
"PL02S1301_1199" 0 0 2 0 0 0 0 0 0 0 0 0 0 0 4 1 14 0 0 0 0 6 10 2 0 0 5 0 0 0 0 51 0 0 0 0 0 0 0
"PL02S1301_1200" 0 0 0 0 0 0 0 0 0 0 0 0 0 0 14 0 38 0 0 0 0 11 6 6 0 0 1 0 0 0 0 158 0 0 1 0 0 0 1
"PL02S1301_1203" 0 0 0 0 0 0 8 0 0 0 0 0 0 0 1 0 9 0 0 0 0 0 0 0 0 0 1 0 0 0 0 37 0 0 0 0 0 0 0
"PL02S1301_1211" 0 0 0 2 17 0 24 1 0 0 0 0 0 0 0 1 11 0 0 5 0 27 0 2 0 0 9 0 0 10 0 0 0 0 0 0 0 0 0
"PL02S1301_1214" 0 0 0 5 2 0 16 0 0 0 0 0 0 0 0 4 19 0 0 3 0 29 0 13 1 0 0 0 0 0 0 12 7 0 0 0 0 0 0
"PL02S1301_3194" 0 0 0 0 0 0 0 0 0 0 0 0 0 0 0 0 0 0 0 0 0 0 0 0 0 0 18 0 0 0 0 42 0 0 0 4 0 0 2
"PL02S1301_3503" 0 0 0 0 0 0 58 0 0 0 0 0 0 0 0 0 19 0 0 0 0 0 0 0 0 0 0 0 0 0 0 0 0 0 0 0 0 0 0
"PL02S1301_3514" 0 0 0 0 0 0 0 0 0 0 0 0 0 0 0 0 16 0 0 0 0 0 0 0 0 2 0 0 0 0 0 1 0 0 0 0 0 0 0
"PL02S1301_3838" 0 0 0 0 0 0 26 0 0 0 0 0 0 0 0 0 52 0 0 3 3 10 0 1 0 0 4 0 0 0 0 49 0 0 0 0 0 0 0
"PL02S1401_0417" 0 0 0 0 0 0 0 0 0 0 0 0 0 0 0 0 0 0 0 0 6 0 0 0 0 0 0 0 0 0 0 0 0 0 0 0 0 0 12
"PL02S1401_0420" 0 0 0 0 0 0 36 0 0 0 0 0 0 0 0 0 0 0 0 0 0 0 0 0 0 0 0 0 0 0 0 0 0 0 0 0 0 0 0
"PL02S1401_0432" 0 0 0 0 0 0 0 0 0 0 0 0 0 0 1 0 0 0 0 0 0 0 0 0 0 5 0 0 0 0 0 0 0 0 0 0 0 0 3
"PL02S1401_0462" 0 0 0 0 0 0 0 0 0 0 0 0 0 0 0 0 41 0 0 0 0 0 19 0 0 0 1 0 0 0 0 0 0 0 0 0 0 0 0
"PL02S1401_0507" 0 0 0 0 0 0 91 0 0 0 0 0 0 0 0 0 69 0 0 0 0 25 0 0 0 0 3 252 0 12 0 0 7 0 0 0 0 0 2
"PL02S1401_0516" 0 0 0 0 0 0 18 0 0 0 0 0 0 0 0 0 21 0 0 0 0 14 0 0 0 0 0 141 0 0 0 7 21 0 0 0 0 0 0
"PL02S1401_0517" 0 0 0 0 0 0 27 0 0 0 0 0 0 0 0 0 0 0 0 0 0 0 0 0 0 0 0 46 0 0 0 0 61 0 0 0 0 0 0
"PL02S1401_0520" 0 0 0 0 0 0 0 0 0 3 0 0 0 0 0 0 0 0 0 0 0 0 0 0 0 3 0 0 0 0 0 0 0 0 0 0 0 0 3
"PL02S1401_0521" 0 0 0 0 0 0 0 0 0 0 0 0 0 0 5 0 0 0 0 0 0 0 0 0 0 2 0 0 0 0 0 0 0 0 0 0 0 0 0
"PL02S1401_0524" 0 0 0 0 0 0 24 0 0 0 0 0 8 0 0 0 0 0 0 0 0 0 0 0 0 0 0 116 0 0 0 0 53 0 0 0 0 0 0
"PL02S1401_0530" 0 0 0 0 0 0 76 0 0 0 0 0 0 0 0 0 0 0 0 0 0 0 0 0 0 0 0 524 0 0 0 0 48 0 0 0 0 0 0
"PL02S1401_0540" 0 0 0 0 0 0 2 0 0 0 0 0 14 0 0 0 0 0 0 0 0 0 0 0 0 0 0 0 0 0 0 0 51 0 0 0 0 0 0
"PL02S1401_0543" 0 0 0 0 0 0 58 0 0 0 0 0 0 0 0 0 0 0 0 0 0 0 0 0 0 0 0 0 0 0 0 0 49 0 0 0 0 0 0
"PL02S1401_0546" 0 0 0 0 0 0 13 0 0 0 0 0 0 0 0 0 0 0 0 0 0 0 0 0 0 0 0 52 0 0 0 0 93 0 0 0 0 0 0
"PL02S1401_0557" 0 0 0 0 0 0 0 0 0 0 0 0 1 0 0 0 0 0 0 11 0 0 0 0 0 0 27 0 0 0 0 0 9 0 0 0 0 0 0
"PL02S1401_0558" 0 0 0 0 0 0 124 0 0 0 0 0 0 0 0 0 0 0 0 0 0 0 0 0 0 0 0 0 0 0 0 0 9 0 0 0 0 0 0
"PL02S1401_0561" 0 0 0 0 0 0 0 0 0 0 0 0 0 0 0 0 0 0 0 0 0 0 0 0 0 0 0 33 0 0 0 0 0 0 0 0 0 0 0
"PL02S1401_0563" 0 0 0 0 0 0 1 0 0 0 0 0 0 0 0 0 1 0 0 0 0 1 0 0 0 0 26 91 0 1 0 0 45 0 0 0 0 0 0
"PL02S1401_0572" 0 0 0 0 0 0 2 0 0 0 0 0 0 0 0 0 0 0 0 1 0 0 0 0 0 0 0 160 0 0 0 0 1 0 0 0 0 0 0
"PL02S1401_0573" 0 0 0 0 0 0 0 0 0 0 0 0 0 0 0 0 5 0 0 0 0 0 0 0 0 0 2 224 0 0 0 0 0 0 0 0 0 0 1
"PL02S1401_0587" 0 0 0 0 0 0 28 0 0 1 0 0 0 0 0 0 86 0 0 0 0 75 0 16 0 0 0 0 0 0 0 0 0 0 0 0 0 0 0
"PL02S1401_0591" 0 0 0 0 0 0 3 0 0 0 0 0 0 0 0 0 0 0 0 1 0 0 0 0 0 0 0 88 0 0 0 0 11 0 0 0 0 0 0
"PL02S1401_0593" 0 0 0 0 0 0 26 0 0 0 0 0 0 0 0 0 36 0 0 0 0 0 0 0 0 0 5 173 0 0 0 0 4 0 0 0 0 0 1
"PL02S1401_0594" 0 0 0 0 0 0 21 0 0 0 0 0 0 0 0 0 0 0 0 0 0 0 0 0 0 0 0 257 0 0 0 0 17 0 0 0 0 0 0
"PL02S1401_1215" 0 2 1 0 53 1 0 0 0 0 0 0 0 0 6 0 0 4 0 0 0 15 4 0 0 0 40 0 0 2 0 25 0 0 0 8 1 0 0
"PL02S1401_1217" 0 0 2 0 62 0 0 0 0 0 0 11 0 0 1 0 0 1 0 0 0 42 20 0 0 0 370 0 0 0 0 42 0 0 0 10 14 0 1
"PL02S1401_1218" 0 16 8 0 332 1 0 0 0 0 0 0 0 0 8 0 10 0 0 0 0 18 43 0 0 0 68 0 0 6 0 168 0 0 0 18 1 0 0
"PL02S1401_1220" 0 12 19 0 76 1 3 0 0 0 0 23 0 0 1 0 121 34 0 0 26 132 4 41 0 0 7 0 0 95 0 38 0 0 2 0 0 0 0
"PL02S1401_1227" 0 0 0 0 0 0 16 0 0 0 0 0 14 0 0 0 0 0 0 9 0 0 0 0 0 0 0 149 0 0 0 0 104 0 0 0 0 0 0
"PL02S1401_1228" 0 0 0 0 0 0 41 4 0 0 0 0 21 0 0 0 0 0 0 0 0 18 0 0 0 0 0 183 0 0 0 0 104 0 0 0 0 9 0
"PL02S1401_1229" 0 0 0 0 0 0 125 58 0 0 0 0 41 0 0 0 207 0 0 0 0 0 0 0 0 0 0 742 0 0 0 0 69 0 0 0 0 31 0
"PL02S1401_1230" 0 0 0 0 48 0 31 0 0 0 31 0 0 0 10 0 275 0 0 0 0 138 0 19 0 0 21 146 0 0 0 19 41 0 0 0 0 17 0
"PL02S1401_1233" 0 0 0 0 0 0 36 17 0 0 0 0 31 0 0 0 17 0 0 0 0 21 0 0 0 0 0 273 0 0 0 0 96 0 0 0 0 14 0
"PL02S1401_1237" 0 0 0 0 0 0 12 0 0 0 0 0 4 0 0 0 7 0 0 0 0 0 0 0 0 0 0 142 0 0 0 0 146 0 0 0 0 11 0
"PL02S1401_1239" 0 0 0 0 0 0 18 0 0 0 0 0 0 0 0 0 0 0 0 0 0 0 0 0 0 0 0 31 0 0 0 0 93 0 0 0 0 16 0
"PL02S1401_1247" 0 0 0 0 0 0 8 0 0 0 0 0 0 0 3 0 143 0 0 0 0 161 0 11 0 0 1 0 0 0 0 2 12 0 0 0 0 0 0
"PL02S1401_1254" 0 0 0 0 11 0 0 0 0 0 0 0 0 0 0 0 43 0 0 0 0 4 0 0 0 0 0 0 0 2 0 20 0 0 0 0 0 0 0
"PL02S1401_1258" 0 0 0 0 0 0 0 0 0 0 0 0 0 0 0 0 5 0 0 0 0 1 0 0 0 0 0 0 0 0 0 0 0 0 0 0 0 0 0
"PL02S1401_1287" 0 11 0 0 3 0 0 0 0 0 0 2 0 0 13 0 23 0 0 0 0 3 0 0 0 1 2 0 0 57 0 89 0 0 0 2 0 0 2
"PL02S1401_1290" 0 0 6 0 0 0 0 0 0 9 0 0 0 0 11 0 12 0 0 0 20 3 1 0 0 0 9 0 0 252 0 55 0 0 0 19 0 0 17
"PL02S1401_1291" 0 0 0 0 0 0 0 0 0 0 0 0 0 0 0 0 2 0 0 0 0 0 0 0 0 0 10 0 0 0 0 12 0 0 0 2 0 0 0
"PL02S1401_1294" 0 7 0 0 0 0 2 0 0 3 0 2 0 0 9 0 99 2 0 0 0 6 3 3 1 0 0 0 0 4 0 37 0 0 0 1 0 0 4
"PL02S1401_1300" 0 0 0 0 0 0 24 0 0 0 0 0 0 0 0 0 0 0 0 0 0 0 0 0 0 0 0 540 0 0 0 0 142 0 0 0 0 0 0
"PL02S1401_1307" 0 0 0 0 0 0 38 0 0 1 0 0 0 0 0 0 0 0 0 0 0 0 0 0 0 0 57 14 0 0 0 3 0 0 0 0 0 0 0
"PL02S1401_1308" 0 0 0 0 0 0 9 0 0 0 0 0 0 0 0 0 84 0 0 0 28 0 0 0 0 0 6 0 0 0 0 8 0 0 0 0 0 0 0
"PL02S1401_1321" 0 2 4 0 8 1 2 0 1 0 0 9 0 0 2 0 22 1 0 0 23 0 2 0 0 0 4 0 0 19 0 18 0 0 0 2 0 0 1
"PL02S1401_1322" 0 6 0 0 9 0 0 0 0 1 0 1 0 0 4 0 0 0 0 0 6 1 0 0 0 0 44 0 0 30 0 160 0 0 0 1 0 0 0
"PL02S1401_1323" 0 0 48 0 39 3 0 0 0 0 0 0 0 0 1 0 6 0 0 0 3 53 0 4 0 0 6 0 0 369 0 339 0 0 0 0 0 0 3
"PL02S1401_1324" 0 21 11 0 39 0 3 0 0 0 0 7 0 0 5 0 76 16 0 0 32 21 6 4 0 0 38 0 0 29 0 38 0 0 0 4 0 0 1
"PL02S1401_1325" 0 0 0 0 0 0 0 0 0 12 0 0 0 0 0 0 0 0 0 0 6 0 0 0 0 25 0 0 0 0 0 0 0 0 0 0 0 0 7
"PL02S1401_1327" 0 0 0 0 0 0 3 0 0 108 0 0 0 8 6 0 194 3 0 0 0 0 0 0 0 0 35 0 0 72 0 149 0 0 0 0 0 0 12
"PL02S1401_1331" 0 0 0 0 47 0 0 0 0 3 0 0 0 0 2 0 0 0 0 0 3 5 0 1 0 0 0 0 0 412 0 57 0 0 0 14 0 0 4
"PL02S1401_1334" 0 0 0 0 0 0 0 0 0 43 0 0 0 0 0 0 0 0 0 0 0 0 0 0 0 1 0 0 0 1 0 2 0 0 0 0 0 0 7
"PL02S1401_1341" 0 7 14 0 63 1 4 0 0 0 0 9 0 0 1 0 36 2 0 0 46 6 21 0 0 0 8 0 0 23 0 60 0 0 0 2 0 0 1
"PL02S1401_1369" 0 0 0 0 0 0 48 0 0 0 0 0 2 0 0 0 227 0 0 49 0 81 0 0 0 0 4 384 0 0 0 16 22 0 0 0 0 0 0
"PL02S1401_2264" 0 0 0 0 0 0 7 0 0 0 0 0 0 0 0 0 6 0 82 0 0 0 0 0 0 0 3 0 0 0 0 0 0 0 0 0 0 0 0
"PL02S1401_2275" 0 0 0 0 0 0 45 0 0 0 0 0 0 0 0 0 0 0 0 0 0 0 0 0 0 0 0 38 0 0 0 0 96 0 0 0 0 0 0
"PL02S1401_2281" 0 12 0 0 0 0 0 0 0 72 0 0 0 0 1 0 0 0 0 0 12 0 0 0 0 0 0 0 0 3 0 0 0 0 0 3 0 0 3
"PL02S1401_2295" 0 0 0 0 0 0 0 0 0 0 0 0 0 0 0 0 0 0 0 0 0 0 0 0 0 0 0 0 0 0 0 1 85 0 0 0 0 0 0
"PL02S1401_3444" 0 0 0 0 0 0 19 0 0 0 0 0 0 0 0 0 51 0 0 0 0 13 0 0 0 0 0 47 0 0 0 0 17 0 0 0 0 0 0
