"LCBD_repl" "LCBD_rich" "LCBD_D"
"PL02S0101_0326" 0.00650544691364254 0.0047948498031345 0.00550590374807156
"PL02S0101_0419" 0.00619720052932046 0.00483352246906747 0.00534369670676543
"PL02S0101_0420" 0.00666203420610987 0.00804499957629456 0.00695929332516994
"PL02S0101_0450" 0.00811868380244235 0.0044028410832343 0.00598611054626337
"PL02S0101_0490" 0.00676165180378783 0.00480692310941034 0.00548898455559208
"PL02S0101_0491" 0.00725937115266998 0.00460808489140959 0.00565659199199684
"PL02S0101_0493" 0.00679742249730225 0.0047866887515787 0.00558062043755901
"PL02S0101_0494" 0.00598149321290192 0.00475141498001469 0.00518436396249892
"PL02S0101_0495" 0.000725142658375538 0.00880306759745675 0.00613504434424766
"PL02S0101_0566" 0.00699045898448233 0.00475940157700481 0.00562279532565048
"PL02S0101_0567" 0.00588025606721077 0.00492055735252219 0.00525887413366677
"PL02S0101_0571" 0.0048364659512914 0.00574036637904708 0.0057891423557875
"PL02S0101_0573" 0.00613337819954413 0.00805631638774737 0.00692476551996789
"PL02S0101_0574" 0.00615489653738752 0.00510166052245582 0.00573546172385281
"PL02S0101_0576" 0.00908833860183599 0.00429924006670783 0.00641805284585715
"PL02S0101_1519" 0.00583123089055102 0.00464493290811938 0.00522176910186473
"PL02S0101_1521" 0.00369800584065393 0.00545009379502367 0.00513076080616874
"PL02S0101_1554" 0.00764395297897004 0.00462133091136848 0.00584943910486831
"PL02S0101_3054" 0.00657814143103027 0.00455681115657193 0.00545235735148652
"PL02S0101_3154" 0.00611228563547772 0.00491225203253729 0.0053058472243339
"PL02S0101_3156" 0.00511333003993318 0.00573556629499368 0.00583992164058885
"PL02S0101_3317" 0.00810945490299976 0.00441845987125281 0.00595312050635645
"PL02S0101_3382" 0.00470196221184462 0.00578627349313759 0.00570311609171425
"PL02S0201_0585" 0.00859085425529349 0.00476936799682608 0.00634529160277216
"PL02S0201_3338" 0.00874176236474361 0.00457131990224287 0.00650515368520417
"PL02S0401_0602" 0.0013943809373774 0.00839215312047386 0.00511947789570974
"PL02S0401_0616" 0.00099911932460145 0.00809686236572097 0.00497268949266092
"PL02S0401_0638" 0.00163949408973343 0.00837092643750915 0.00518658068842361
"PL02S0401_0661" 0.00448915342169321 0.00621114684926147 0.00523164223545197
"PL02S0401_0662" 0.00177692708377165 0.0080140535638512 0.00515320424409045
"PL02S0401_0664" 0.00551132951093363 0.00503329032280707 0.00514392825236
"PL02S0401_0665" 0.00730335895409145 0.00466036913347064 0.00564085015596509
"PL02S0401_0666" 0.0078639680641395 0.00432356121030712 0.00594025481007266
"PL02S0401_0669" 0.00324521687929117 0.00671880058118114 0.00495613426990615
"PL02S0401_0677" 0.00413669035462116 0.00621530210739722 0.00504851877213724
"PL02S0401_0678" 0.00752966584755198 0.00448822212921618 0.00577584319263792
"PL02S0401_0682" 0.00383469171539314 0.00660538484129983 0.00506972632783027
"PL02S0401_0692" 0.00749721691612372 0.00542740572024247 0.0062795125455534
"PL02S0401_0693" 0.00302576161940527 0.00718291765376923 0.00511831476491146
"PL02S0401_1626" 0.00520511037136781 0.00670399051170523 0.00618601522205859
"PL02S0401_3208" 0.00637895665907144 0.00459127943797245 0.00540933048798532
"PL02S0401_3310" 0.00713933255200865 0.0064108542635554 0.00653186244172956
"PL02S0401_3312" 0.00653381644601477 0.00470997412774935 0.00544790946840071
"PL02S0401_3313" 0.00571294176416243 0.00480795138311737 0.00513689374010262
"PL02S0501_0576" 0.00806608030813462 0.00452308343574243 0.00600713097565464
"PL02S0501_0585" 0.00651213124338261 0.00805613359153024 0.00696345270914962
"PL02S0501_0587" 0.00520229720929198 0.00525548690786548 0.00535080242829377
"PL02S0501_0612" 0.00618719785638241 0.00502617853277856 0.00538149377806334
"PL02S0501_0613" 0.00428804192693756 0.00568002924442269 0.00496450630607931
"PL02S0501_0630" 0.0062285302752476 0.00458647525842584 0.00536551962845451
"PL02S0501_0694" 0.00665257168124931 0.00454564992132155 0.00550648514307874
"PL02S0501_0711" 0.00645567789105475 0.005163232098317 0.00567934797446746
"PL02S0501_0853" 0.006388251347606 0.00502333801100108 0.00542746821774019
"PL02S0501_0867" 0.0058168443700585 0.00564385584801487 0.00589912126381147
"PL02S0501_0873" 0.00687182237065755 0.00481803536452709 0.00569432604751443
"PL02S0501_0889" 0.0033141630248161 0.00688480694816086 0.00600150951626552
"PL02S0501_0899" 0.00602805935206601 0.0059712418098668 0.00564997693592756
"PL02S0501_0900" 0.00599166974563907 0.00505528289266789 0.00528796411607804
"PL02S0501_0901" 0.00478798143869131 0.00560394682986247 0.00505557269464293
"PL02S0501_0904" 0.00728435503560412 0.00475623987720631 0.00566090623705722
"PL02S0501_1665" 0.00538292431565382 0.0049333266997637 0.00502687172382467
"PL02S0501_1737" 0.00503650246392968 0.00501470546218372 0.00523143359141578
"PL02S0501_3262" 0.00609114528900589 0.00554817356518245 0.00610213637833375
"PL02S0501_3264" 0.00594549714541237 0.00567324723339592 0.0059135283193728
"PL02S0501_3281" 0.00487976822942899 0.00522130266900387 0.00498278674361465
"PL02S0501_3282" 0.00416304091157996 0.00659498233832161 0.00518913706201945
"PL02S0501_3283" 0.00353532267500009 0.00664938499543232 0.0050436217379264
"PL02S0501_3284" 0.00480925180665203 0.0051905204375386 0.00499495297439532
"PL02S0501_3397" 0.00238504573292066 0.0075160493538862 0.00509359057706912
"PL02S0501_3411" 0.00433539282833842 0.00569916290991024 0.00507444372895597
"PL02S0501_3425" 0.00072514265837554 0.00880306759745675 0.00613504434424766
"PL02S0501_3488" 0.00709030872488276 0.00459798679137065 0.00564938347262617
"PL02S0501_3839" 0.00408316424136736 0.00572685976726175 0.00483555558932148
"PL02S0601_0923" 0.00636581315788493 0.0047884243663071 0.00549326549501574
"PL02S0601_0931" 0.00705417601469206 0.00479515524572561 0.0057475436810559
"PL02S0601_0935" 0.00689796648831699 0.004706825693925 0.00579359601721266
"PL02S0601_3238" 0.0073666400138318 0.00441807128920061 0.00574223442152003
"PL02S0601_3239" 0.00785070321161917 0.00627857262506484 0.00680790116765335
"PL02S0601_3460" 0.00718155056013041 0.0044447754103674 0.00569892229563321
"PL02S0601_3461" 0.00666699767889572 0.00472950165316746 0.00576261284764566
"PL02S0901_0945" 0.00490706536268201 0.00615474650438867 0.00542389128999597
"PL02S0901_0948" 0.0062809149775462 0.00544648833280198 0.00563480545693393
"PL02S0901_0957" 0.00725922944522877 0.0044822667836071 0.0057015064536453
"PL02S0901_0989" 0.00346553875049593 0.00689755865964188 0.0059817009739753
"PL02S0901_0994" 0.00609071976304141 0.00492893195985279 0.00543766825765855
"PL02S0901_3212" 0.00331151870942438 0.00714244916790015 0.00526514639590467
"PL02S0901_3213" 0.005033140675694 0.00566662445155456 0.00534341265570943
"PL02S0901_3214" 0.00158376444263976 0.00873187442901548 0.00536706265816118
"PL02S1201_0201" 0.00894399088536482 0.00416414053632186 0.00629627973070205
"PL02S1201_0204" 0.00309017941741903 0.0107480285695472 0.00722901553725203
"PL02S1201_0206" 0.007002635663178 0.00505405262099119 0.00591640474963922
"PL02S1201_1054" 0.00604448126142239 0.00473375937349733 0.00520742477315152
"PL02S1201_1055" 0.00540808340510794 0.00555969511587317 0.00531772869090928
"PL02S1201_1056" 0.00636002575486234 0.00488729936251277 0.00544473596429372
"PL02S1201_1072" 0.00403277683593811 0.00585274054457556 0.00562037606947239
"PL02S1201_1087" 0.00454109388460697 0.0047626312951133 0.00498728597389305
"PL02S1201_1101" 0.00777988851253964 0.00461881681834342 0.00597325287626145
"PL02S1201_3114" 0.00445980952360536 0.0067946132358684 0.00612073352997927
"PL02S1301_1124" 0.00728445541280814 0.00487482670806889 0.00586175173710156
"PL02S1301_1127" 0.00650793435634284 0.00503501234525155 0.00571434704830362
"PL02S1301_1135" 0.00153821723957236 0.0112914823104496 0.00672377008810095
"PL02S1301_1137" 0.00537763950443647 0.00488276101511029 0.00497748239029914
"PL02S1301_1140" 0.00608316929085795 0.00479051604185641 0.00523033214751988
"PL02S1301_1196" 0.00634143161880249 0.00491717380632237 0.00561107764155127
"PL02S1301_1198" 0.00642093334393929 0.00483505939755497 0.0054650264324699
"PL02S1301_1199" 0.00636379848526816 0.00473494033084104 0.00536041955599318
"PL02S1301_1200" 0.00623621399698564 0.00476137454232697 0.00529737657158856
"PL02S1301_1203" 0.00498695970593072 0.00536100599920871 0.00532307008658497
"PL02S1301_1211" 0.00717391489278108 0.00477268407181842 0.00582104825204168
"PL02S1301_1214" 0.0069401289335312 0.00483670609755831 0.00581248333636407
"PL02S1301_3194" 0.00619937823273183 0.00557555891810414 0.00603435526948234
"PL02S1301_3503" 0.00291736584245961 0.0085791409762974 0.00636137025051962
"PL02S1301_3514" 0.00609765611491945 0.00663905654174153 0.00631387801933113
"PL02S1301_3838" 0.00652265554059052 0.00469485355701135 0.00541539334226641
"PL02S1401_0417" 0.00625323040903681 0.00804606159759545 0.0070507381827349
"PL02S1401_0420" 0.00093522003087279 0.0110418755993439 0.00691124520192243
"PL02S1401_0432" 0.00772580127148128 0.00624953306131087 0.00682404669194263
"PL02S1401_0462" 0.00479554634999893 0.0067566929410509 0.00619951751621287
"PL02S1401_0507" 0.00614948196368516 0.00471417539543081 0.0054008226546418
"PL02S1401_0516" 0.00622208593240478 0.00481723122751062 0.00544834968897493
"PL02S1401_0517" 0.00612963213014569 0.0063266701964578 0.00616186982369174
"PL02S1401_0520" 0.00815425243649893 0.00613343724067018 0.00695541110243651
"PL02S1401_0521" 0.00634848339786945 0.00808284011426379 0.00702019603035055
"PL02S1401_0524" 0.00764424027827534 0.0051792950944719 0.00634483074261363
"PL02S1401_0530" 0.00612963213014569 0.0063266701964578 0.00616186982369174
"PL02S1401_0540" 0.00717180277888761 0.00627874582948173 0.00654334530888401
"PL02S1401_0543" 0.00431707506264919 0.00830343660621231 0.0064858401310215
"PL02S1401_0546" 0.00612963213014569 0.0063266701964578 0.00616186982369174
"PL02S1401_0557" 0.00836289105430664 0.00520131905512353 0.00650817839070959
"PL02S1401_0558" 0.00431707506264919 0.00830343660621231 0.0064858401310215
"PL02S1401_0561" 0.00298337470960665 0.0108047220490394 0.00715127336975368
"PL02S1401_0563" 0.0062753230544003 0.00461248019386715 0.00542377015304859
"PL02S1401_0572" 0.00787405263207044 0.00515798343791786 0.00634049707504837
"PL02S1401_0573" 0.00681390312607231 0.00553727334588924 0.00606244190519448
"PL02S1401_0587" 0.00731981736463143 0.00498825454042 0.0060227076046375
"PL02S1401_0591" 0.00787405263207044 0.00515798343791786 0.00634049707504837
"PL02S1401_0593" 0.00675634638296639 0.00473891107232747 0.00565808565063166
"PL02S1401_0594" 0.00612963213014569 0.0063266701964578 0.00616186982369174
"PL02S1401_1215" 0.00601548538757171 0.00543837536637464 0.00542050091361587
"PL02S1401_1217" 0.00637149304086453 0.00501030925449985 0.00547924949372966
"PL02S1401_1218" 0.00466493169293196 0.00561703993476913 0.00505429674904231
"PL02S1401_1220" 0.0026252311396846 0.00751455275168845 0.00510804014850515
"PL02S1401_1227" 0.00839822582995022 0.00460963784467217 0.00639732446121877
"PL02S1401_1228" 0.0085896664313372 0.00410655809730576 0.00634275768447408
"PL02S1401_1229" 0.00819442097755035 0.00417876374269241 0.00622483031471569
"PL02S1401_1230" 0.00461376146784765 0.00530528878306486 0.00533360238757346
"PL02S1401_1233" 0.0075167643610351 0.00439065741392494 0.00601262752911754
"PL02S1401_1237" 0.007955304542599 0.00442843794587828 0.00614867770548157
"PL02S1401_1239" 0.00803034607684919 0.00513091307153642 0.0064530846316213
"PL02S1401_1247" 0.0051548009414093 0.00488519372507483 0.00497563239484771
"PL02S1401_1254" 0.0052901454253278 0.0052318194218063 0.00566931861102722
"PL02S1401_1258" 0.00133795641363823 0.0086958276116806 0.00634362100434285
"PL02S1401_1287" 0.0046422485459688 0.00525061411159151 0.00502371269865359
"PL02S1401_1290" 0.00494548588911909 0.00522784776754006 0.00511533663789867
"PL02S1401_1291" 0.00488835158835886 0.00577836702565312 0.00566635241429142
"PL02S1401_1294" 0.00438579198204411 0.00662037729488735 0.00532623134918037
"PL02S1401_1300" 0.00612963213014569 0.0063266701964578 0.00616186982369174
"PL02S1401_1307" 0.00762660761398491 0.00497860136146462 0.005991052909175
"PL02S1401_1308" 0.00616222398489515 0.00521386561754822 0.00560511190102203
"PL02S1401_1321" 0.00306616917972959 0.00744604527480796 0.0052808396512645
"PL02S1401_1322" 0.0062559925970434 0.00490358498295664 0.00535612134828168
"PL02S1401_1323" 0.00505417030090871 0.00520371148532654 0.00509345809409874
"PL02S1401_1324" 0.00151353938346841 0.00764440458411503 0.0048607053698375
"PL02S1401_1325" 0.00915172681962475 0.00502035756530845 0.00689698730127631
"PL02S1401_1327" 0.00640133913129471 0.0048335877649865 0.00548474888811975
"PL02S1401_1331" 0.00738183495036391 0.00464281427418731 0.00567982038604445
"PL02S1401_1334" 0.00851354349490675 0.00477857259229353 0.00643027064778819
"PL02S1401_1341" 0.0018442383260482 0.00759619039689066 0.00494045183334304
"PL02S1401_1369" 0.00552334575179872 0.00485625131894834 0.00534415877377563
"PL02S1401_2264" 0.00703741608355229 0.00549469851131835 0.00611145373797729
"PL02S1401_2275" 0.00612963213014569 0.0063266701964578 0.00616186982369173
"PL02S1401_2281" 0.00892603579553222 0.00413185043035242 0.00636255549082527
"PL02S1401_2295" 0.00447896307560528 0.00846138893792626 0.00655293794606229
"PL02S1401_3444" 0.00650793435634284 0.00503501234525155 0.00571434704830361
