"LCBD_repl" "LCBD_rich" "LCBD_D"
"PL02S0101_0326" 0.00618301882957638 0.0050226538800101 0.00542923303259379
"PL02S0101_0419" 0.00627705905583063 0.00485144147485819 0.00531784217388106
"PL02S0101_0420" 0.00761639807900588 0.00694534982621124 0.00680930844121176
"PL02S0101_0450" 0.00747466872760811 0.00455636685432691 0.00586754842939889
"PL02S0101_0490" 0.00604265440066855 0.00520933696516925 0.00552686666051805
"PL02S0101_0491" 0.00688497830684091 0.00482283897305149 0.00560539510899286
"PL02S0101_0493" 0.00627678794859141 0.00475276004560808 0.005341763906465
"PL02S0101_0494" 0.00503412306042573 0.00486349270148911 0.00509245105903867
"PL02S0101_0495" 0.00187240129617126 0.00772969066049346 0.00595813183521633
"PL02S0101_0566" 0.00299768693519409 0.0058439770433095 0.00554516546369934
"PL02S0101_0567" 0.00503412306042573 0.00486349270148911 0.00509245105903867
"PL02S0101_0571" 0.00561781450380442 0.00518422829375671 0.00559144591567318
"PL02S0101_0573" 0.00731203742169747 0.00693147164719771 0.0068124856223196
"PL02S0101_0574" 0.00512053305314636 0.00624361434215137 0.00573370553076727
"PL02S0101_0576" 0.0094645055906347 0.00486272438154324 0.00687085795798879
"PL02S0101_1519" 0.00634223067026326 0.00470469292695098 0.00552763539118499
"PL02S0101_1521" 0.00333098127379029 0.00544025159908532 0.0050603605978034
"PL02S0101_1554" 0.00594536200835696 0.00555293642056915 0.00593383386674147
"PL02S0101_3054" 0.00639369493203201 0.00476501869596338 0.00534729367449668
"PL02S0101_3154" 0.00586910168245268 0.00488947378659143 0.00514727271297091
"PL02S0101_3156" 0.00546147933615952 0.00522718281176206 0.00558517354069001
"PL02S0101_3317" 0.00684410908383946 0.00509106571278629 0.00577046060194107
"PL02S0101_3382" 0.00542534579203192 0.0055959282624308 0.00597882347385114
"PL02S0201_0585" 0.00903226311581335 0.00464100184797254 0.00646065938396841
"PL02S0201_3338" 0.00697580838831175 0.00509762027708249 0.00596145014282499
"PL02S0401_0602" 0.000715690638130445 0.00862973695557194 0.00508549033078841
"PL02S0401_0616" 0.000635712541813748 0.00864288383035165 0.00512377986215287
"PL02S0401_0638" 0.000539759365242389 0.00896456344675256 0.00520883702856182
"PL02S0401_0661" 0.00347628038351619 0.00731181296420633 0.00530588558777958
"PL02S0401_0662" 0.000568865130481468 0.00896068434935947 0.0052813396110385
"PL02S0401_0664" 0.00535093502704047 0.00512966391363726 0.00510343492867179
"PL02S0401_0665" 0.00740420500904897 0.00475146185387904 0.00570030085156492
"PL02S0401_0666" 0.00794886893098859 0.00451616307794489 0.00585068495578062
"PL02S0401_0669" 0.0048552892710158 0.00571896875000976 0.0051637278931506
"PL02S0401_0677" 0.00427555388493714 0.00631534264915664 0.00514354286597472
"PL02S0401_0678" 0.00835842466345712 0.00440835676584585 0.00613282262964044
"PL02S0401_0682" 0.00292123312188854 0.00731225936043077 0.00509932961740145
"PL02S0401_0692" 0.00573374598989784 0.0055892714644453 0.00595908069477159
"PL02S0401_0693" 0.005246155382104 0.00515822287517971 0.00512167171089384
"PL02S0401_1626" 0.000848212245040619 0.0103349092074173 0.0063358658812121
"PL02S0401_3208" 0.00594439319342904 0.00482229457572855 0.00522078369736998
"PL02S0401_3310" 0.00755522599262334 0.00690412479341313 0.00683420505283857
"PL02S0401_3312" 0.00634713323773347 0.00477492706501089 0.0053789997307186
"PL02S0401_3313" 0.00579496918594917 0.00477112766019133 0.00544657238229585
"PL02S0501_0576" 0.00765360068234691 0.00483948944460935 0.00599632608411208
"PL02S0501_0585" 0.00763565075277922 0.00692883380373066 0.00684856806924384
"PL02S0501_0587" 0.00433385579404635 0.00586745774261761 0.0052461366380595
"PL02S0501_0612" 0.00538416796326858 0.00618182417542505 0.00542420757830286
"PL02S0501_0613" 0.00499014737489897 0.00513557756212566 0.00502903945933733
"PL02S0501_0630" 0.0066470915789124 0.0048124919274914 0.00535160143401795
"PL02S0501_0694" 0.00692527980636842 0.0047844086472691 0.00555576912938497
"PL02S0501_0711" 0.00664915695169956 0.00472920208500418 0.00550144098510888
"PL02S0501_0853" 0.00650638159422901 0.00500294202832514 0.00539021306420326
"PL02S0501_0867" 0.00737448245958667 0.00533201909217987 0.00629843892118488
"PL02S0501_0873" 0.00717748946040824 0.0047787342890514 0.00573643759169691
"PL02S0501_0889" 0.00505620766715376 0.00562169875523657 0.00593574458751053
"PL02S0501_0899" 0.00674234714274056 0.0049782139902126 0.00553545149365945
"PL02S0501_0900" 0.00570977538639178 0.00559301098801694 0.00535841044059432
"PL02S0501_0901" 0.00487249474109077 0.00519923642849883 0.00501594972732731
"PL02S0501_0904" 0.00679368444103268 0.0049705857382761 0.00551290166516545
"PL02S0501_1665" 0.00488661466019624 0.00521234914619285 0.00499525863569359
"PL02S0501_1737" 0.00410303531624887 0.00536332711970687 0.00525393850990355
"PL02S0501_3262" 0.00693025856194212 0.00497755482031161 0.00596215645992769
"PL02S0501_3264" 0.00612466289339915 0.00554294889649443 0.00601287132693193
"PL02S0501_3281" 0.005073358358742 0.00521074558197681 0.00504990448556003
"PL02S0501_3282" 0.0043765191347105 0.00632072492388491 0.00514805079412047
"PL02S0501_3283" 0.00243585097759794 0.00773656688633848 0.00518207389755045
"PL02S0501_3284" 0.00511718448670942 0.0051799386171229 0.00505016242581462
"PL02S0501_3397" 0.00254805602334407 0.00772947999418963 0.00520980992492891
"PL02S0501_3411" 0.00474470338742049 0.00575662892880286 0.00518421978414898
"PL02S0501_3425" 0.000848212245040619 0.0103349092074173 0.0063358658812121
"PL02S0501_3488" 0.00763240309233813 0.00469652065849034 0.00582335868556622
"PL02S0501_3839" 0.00294654677806187 0.00692532963263363 0.00493263772115361
"PL02S0601_0923" 0.00910256474144819 0.004294645630649 0.00631648251812926
"PL02S0601_0931" 0.00677791348175682 0.00484837985105708 0.00555580200528077
"PL02S0601_0935" 0.00692567304904488 0.00461697054202095 0.00572519387002981
"PL02S0601_3238" 0.00772359305013508 0.00463183795943782 0.00579679326450608
"PL02S0601_3239" 0.00870288206402042 0.00510145235671526 0.00665880436811396
"PL02S0601_3460" 0.00756783843768609 0.00456503359979661 0.0057305321150266
"PL02S0601_3461" 0.0072206551147336 0.00454794301286907 0.00584184719447632
"PL02S0901_0945" 0.00589158632246318 0.00509525165516056 0.00536510175964317
"PL02S0901_0948" 0.00645450857598889 0.00503382645969193 0.00561521877967302
"PL02S0901_0957" 0.006897248549716 0.00480229906255573 0.00553528419769191
"PL02S0901_0989" 0.00435919150924114 0.00739167830527946 0.00644635527472971
"PL02S0901_0994" 0.00557577100194337 0.00515457264880784 0.00536698881233379
"PL02S0901_3212" 0.00211604880398351 0.00813878999081528 0.00535076462041648
"PL02S0901_3213" 0.00719002313820618 0.00485230615815364 0.0056859346082461
"PL02S0901_3214" 0.00263257505676145 0.00805070997527042 0.00537205363520797
"PL02S1201_0201" 0.0092429174493058 0.00462413284060927 0.00657434102644668
"PL02S1201_0204" 0.00426567337299744 0.00977094309458593 0.00709170847505536
"PL02S1201_0206" 0.00629069952960361 0.00550519227065054 0.00606351722004966
"PL02S1201_1054" 0.00457408535706147 0.00493649818733613 0.00495880291074336
"PL02S1201_1055" 0.00415232230213503 0.00678526052221905 0.0053211943370344
"PL02S1201_1056" 0.00539589128410015 0.00566351434076285 0.00535280797734159
"PL02S1201_1072" 0.00336569041582125 0.00582379645172668 0.00559247941395682
"PL02S1201_1087" 0.00458038831145082 0.00504270812302916 0.00487394152577784
"PL02S1201_1101" 0.00770930949515056 0.00454142147744037 0.0058897649534311
"PL02S1201_3114" 0.00201568520097854 0.00768437372851182 0.00606018538456218
"PL02S1301_1124" 0.00760295389986275 0.00479399076030122 0.00584761681350146
"PL02S1301_1127" 0.00648706723181125 0.00462980718621772 0.00557343461314825
"PL02S1301_1135" 0.000848212245040618 0.0103349092074173 0.0063358658812121
"PL02S1301_1137" 0.00568274925531446 0.00486718242566589 0.00513674924559031
"PL02S1301_1140" 0.00560548708194111 0.00509885370267684 0.00521559445847577
"PL02S1301_1196" 0.00804177335297677 0.00462038640724813 0.00601061212063421
"PL02S1301_1198" 0.00728271978202889 0.00477619000809226 0.00576153516722057
"PL02S1301_1199" 0.00560101021852929 0.00499032997410272 0.00519752398633212
"PL02S1301_1200" 0.00662639488441361 0.00470423444228705 0.00554010422802666
"PL02S1301_1203" 0.00499152190544686 0.00567727551453564 0.0057237709951884
"PL02S1301_1211" 0.00672244896609475 0.00495815205392903 0.00559433696166965
"PL02S1301_1214" 0.00633850806004903 0.00508189166969377 0.0057103702812618
"PL02S1301_3194" 0.00740831112155662 0.00495636553294251 0.00597358937118941
"PL02S1301_3503" 0.003948136043988 0.00749799194738194 0.00615271784273101
"PL02S1301_3514" 0.00638214505361684 0.00721087375473466 0.0065581131594934
"PL02S1301_3838" 0.00625757668790767 0.00492648341803748 0.0053363304506982
"PL02S1401_0417" 0.00761798493932432 0.00689609946456264 0.0069556956112326
"PL02S1401_0420" 0.00210780260587961 0.0100649584667767 0.00676329892364092
"PL02S1401_0432" 0.00796007207376968 0.00682560539618354 0.00700202270070963
"PL02S1401_0462" 0.00529885870516738 0.00730605718773402 0.00650600522562882
"PL02S1401_0507" 0.00567147430295383 0.00501916182644269 0.00539122223174592
"PL02S1401_0516" 0.00583324643813897 0.00482780014792073 0.00530666492395919
"PL02S1401_0517" 0.00697580838831175 0.00509762027708249 0.00596145014282499
"PL02S1401_0520" 0.00921421106774397 0.00492320663003777 0.00687484801734129
"PL02S1401_0521" 0.00776860566828188 0.0068897359211968 0.00697243724145066
"PL02S1401_0524" 0.00800463981830206 0.0046662431204351 0.0062346559431411
"PL02S1401_0530" 0.00697580838831175 0.00509762027708249 0.00596145014282498
"PL02S1401_0540" 0.00808536839898663 0.00505577970262346 0.00644309312813576
"PL02S1401_0543" 0.00544023514019103 0.00717236557741584 0.00633889361764235
"PL02S1401_0546" 0.00697580838831175 0.00509762027708249 0.00596145014282498
"PL02S1401_0557" 0.00818459047619114 0.00516315257772568 0.00643642391696444
"PL02S1401_0558" 0.00544023514019103 0.00717236557741584 0.00633889361764235
"PL02S1401_0561" 0.00390203167378669 0.00985039180473523 0.00698486969190438
"PL02S1401_0563" 0.0076896103336498 0.00521993017182073 0.0062488675720025
"PL02S1401_0572" 0.00593874365709084 0.00711994757706139 0.00651424906264642
"PL02S1401_0573" 0.00630554501679054 0.00553077957456274 0.00596090254547988
"PL02S1401_0587" 0.00665794891716961 0.0050644526042237 0.00584212631123451
"PL02S1401_0591" 0.00697580838831175 0.00509762027708248 0.00596145014282498
"PL02S1401_0593" 0.00640491884852691 0.00466224632529215 0.00554640242014668
"PL02S1401_0594" 0.00697580838831175 0.00509762027708249 0.00596145014282498
"PL02S1401_1215" 0.00621344863177584 0.00502656562374872 0.00540035880448084
"PL02S1401_1217" 0.00744658391670643 0.00482969746402301 0.00571491715229256
"PL02S1401_1218" 0.00409975989072506 0.00580023923077976 0.00493447245593124
"PL02S1401_1220" 0.0026929289828374 0.00774879624979975 0.00524098097483239
"PL02S1401_1227" 0.00863469309689251 0.00420566326537064 0.00636221905884374
"PL02S1401_1228" 0.00831243332664084 0.00442034401338157 0.00625763840035103
"PL02S1401_1229" 0.00774263448377632 0.00451036225346815 0.00613552431732691
"PL02S1401_1230" 0.00341615920902611 0.00646097366940568 0.00533456613333908
"PL02S1401_1233" 0.00693564044524001 0.00471886925429293 0.0059275104540123
"PL02S1401_1237" 0.00765768034170204 0.00443962105932804 0.0060480921542419
"PL02S1401_1239" 0.00833550682571288 0.0046309637596598 0.00631782144057037
"PL02S1401_1247" 0.00616194455821617 0.00493357637395145 0.00532985234920583
"PL02S1401_1254" 0.00533203390116208 0.00479443907938378 0.00540223836447955
"PL02S1401_1258" 0.000848212245040618 0.0103349092074173 0.0063358658812121
"PL02S1401_1287" 0.00391714135915216 0.00583840584205695 0.00492390321079139
"PL02S1401_1290" 0.00473561361983415 0.00577867706726777 0.00520729331461896
"PL02S1401_1291" 0.00553352391064069 0.00523215543001324 0.00549196191909694
"PL02S1401_1294" 0.00442447313602026 0.00679426436116919 0.00541862545868853
"PL02S1401_1300" 0.00697580838831175 0.00509762027708248 0.00596145014282498
"PL02S1401_1307" 0.00725881494593034 0.00502968004448456 0.00581584343565768
"PL02S1401_1308" 0.0063059311176509 0.00475348552036557 0.00543829435230655
"PL02S1401_1321" 0.00363947919658565 0.0068640744386971 0.00518854809107828
"PL02S1401_1322" 0.00730195612104116 0.00469318451002241 0.00566854214744202
"PL02S1401_1323" 0.00513447454523101 0.0057206737247359 0.00526824049241425
"PL02S1401_1324" 0.00102274480581493 0.00825485535549011 0.00499878731954096
"PL02S1401_1325" 0.00987244418639927 0.00445098636565913 0.00681964267646563
"PL02S1401_1327" 0.0060851661639606 0.00512715095556323 0.00556288164257507
"PL02S1401_1331" 0.00744169498163917 0.00481224886186084 0.00574291221096388
"PL02S1401_1334" 0.00775610679928986 0.00525392319962448 0.00644408136634553
"PL02S1401_1341" 0.00278370890697603 0.00737666268040038 0.00511441058774016
"PL02S1401_1369" 0.00465197939339744 0.00521287075417479 0.00531400270030083
"PL02S1401_2264" 0.00757458338373217 0.00496340695045034 0.00597553571280494
"PL02S1401_2275" 0.00697580838831175 0.00509762027708248 0.00596145014282498
"PL02S1401_2281" 0.00963714751248868 0.00417977391438951 0.00652885014616458
"PL02S1401_2295" 0.00290841398092843 0.00998847568715988 0.00681934483673089
"PL02S1401_3444" 0.00648706723181124 0.00462980718621772 0.00557343461314825
